0.04166641750961762
0.016843873557994087
0.03811941646352939
0.030293261302020383
0.00791865704486909
0.02975105982971967
0.026860699018163542
0.02921766537996353
0.008151078130137952
0.021457691949714537
0.05437983023635691
0.03189469878722811
0.08121972232199916
0.20188844951361357
0.020957594919109573
0.06003798960839185
0.028676518056387164
0.0283289330180549
0.025737151446876244
0.03158066101160667
0.039717042731488794
0.08910707493298417
0.02515123703358128
0.036364948153490985
0.02007394491996432
0.027653027037706227
0.06210157946246163
0.009321155317122742
0.01841335252264385
0.03713912283652415
0.19920540212352833
0.037650106237459235
0.024352235996949932
0.031422862205917224
0.02767189731370181
0.012936874324558673
0.11779072627685148
0.20368161776115004
0.010985910417724724
0.026284229357021016
0.03893369637324327
0.04929733094426379
0.055967315977101
0.036038682733211716
0.019570396708776742
0.08143271697716596
0.01375588511976419
0.07173489725038407
0.014183981718403769
0.02940812678864261
0.05011637356394909
0.027962681797714085
0.032480236199364854
0.03831522700657726
0.10391680129687744
0.032479058034733735
0.02273532942746167
0.20433017361516714
0.02409869861177855
0.20323418729192766
0.2046233028933378
0.005189481568390154
0.05695128043692639
0.03311716754181038
0.04599916876031544
0.031454240402960416
0.010710992851619616
0.03150629163152946
0.19940742149815577
0.01935260150252273
0.020483622926640178
0.034781088980636615
0.03067183719402455
0.024159745738217227
0.010015875181175044
0.021632134095388885
0.035193696058986194
0.0402664122255902
0.03599971653696601
0.0267626562671153
0.02914777533016212
0.05141711043951072
0.02224352634019166
0.026132862374557874
0.006812189940584136
0.010699818919318297
0.20331027867117524
0.02429654557948263
0.037058660704758994
0.04858969615862016
0.02880196703254169
0.0331008222870003
0.014658056678031318
0.037822223113204684
0.024177601508066485
0.20133094797021356
0.02587899354752099
0.022262363991738646
-0.014129703931495003
0.0619126518675142
0.020560326350532676
0.20397302085000707
0.015885098002314527
0.022910485860147503
0.026757989432050815
0.033165528697372736
0.05301272735612644
0.030260698799270132
0.026584700549773785
0.02996702924875075
0.017099733788227635
0.009522261851857273
0.02632847995138365
0.0270447473677375
0.024094134360101688
0.02181859281548499
0.05980788562001764
0.022445609946784757
0.026072406367593094
0.03382051892918668
0.04894482531697231
0.1572921939424742
0.20149345743332603
0.03080749712867484
0.032932750767215954
0.027449041897519233
0.025182076771352462
0.008082192042847752
0.051290706431013425
0.028484919088615307
0.01659808125044927
0.042185379862197545
0.028646742800924538
0.017191913235760078
0.044262530859054114
0.031007002906099475
0.02862569106230353
0.020294856855214885
0.05599769197273906
0.010447872069927743
0.03466050503579412
0.20504217837492045
0.017916649095723634
0.03764406384449347
0.05627774456482233
0.02502589325393503
0.07563602645480098
0.028108609180056185
0.025477325849301374
0.015019379017706596
0.028792281963796185
0.03989435998800223
0.028848902601972086
0.05996823030119036
0.030720853851263025
0.03370640203585859
0.012487459952197305
0.024959548002242173
0.019526696590439974
0.20780382025263608
0.054741096009017595
0.01858551681512043
0.027454982171862822
0.049376416936420975
0.017200771511402563
0.07337594904871636
0.018436173503662216
0.03586085535712852
0.03267872739884008
0.05045055534158131
0.03166481064329109
0.014191155211473044
0.017350173703782532
0.01672643328195884
0.028548581051154067
0.030562243365744042
0.024669480507024593
0.01543035399332632
0.026300874882983438
0.13689965423924902
0.028275177560017663
0.027051187730959485
0.025678750866129287
0.01011047954425653
0.024358274501061226
0.02974771299485733
0.018117067110757546
0.018612712848911944
0.00836812414152608
0.021713510699005255
0.026072289970134763
0.20041059076245119
0.048611776059917275
0.20893034250923986
0.022886882226891815
0.032949672521122624
0.012465734969040307
0.01823790183729573
0.022367691667281097
0.16507630394123252
0.03469310582885825
0.0640480006233091
0.014253831452645804
0.017907248309286194
0.11309316908173944
0.07475536413160293
0.031238537577372875
0.041749060482542524
0.015076040698560177
0.014920771560697418
0.0183191705855503
0.0178134460196127
0.023482677999991763
0.02911139704967663
0.01697280641260388
0.09183523476100149
0.01688389478403804
0.008737941539165987
0.2049258127665922
0.014786350362559549
0.13276136236466185
0.01374487511142955
0.021101373857907495
0.03095597842791041
0.04780594527571323
0.018745715837040784
0.047004646750011064
0.01494150575376753
0.015267913758650796
0.022813111694440082
0.0719137062653179
0.061351159606114786
0.028433046974598267
0.029698271858265398
0.03297238323640618
0.07414568231800568
0.01890912743635909
0.023937452110487062
0.030305617046582682
0.029675910509912733
0.023800112716624626
0.027280492179691508
0.03735257414368191
0.02173358038747044
0.009043546191742878
0.012310864067018677
0.02723248427177535
0.041750061572831954
0.02664575564789142
0.026813867897546854
0.026848517625962666
0.038878032231134285
0.09256170574716524
0.04870378961484387
0.19993202419471456
0.05014481577369201
0.017361882592181094
0.028833085704981137
0.20294645695587735
0.20143933751401774
0.033902463336525204
0.04674281774120456
0.029657706597799934
0.10645349083822576
0.013081993818485411
0.05425892025413111
0.06737783732743916
0.008195197910539777
0.018635692429694282
0.031022241215024646
0.029079936581799207
0.044266527337782524
0.029889738916944627
0.030018688010011382
0.06110159011866484
0.027401231544182295
0.020849334876721623
0.026917903494120928
0.01956058495193652
0.015904909338304275
0.03286734592405516
0.04753748632433322
0.03257072491432565
0.04117604155236433
0.0261942384086352
0.035080830245697574
0.022746251481294673
0.03907012028567966
0.20983297769236864
0.0569763182577258
0.03409324218860985
0.024795004076239947
0.024866022139272623
0.03965890266109123
0.03482397617367749
0.025058183967488837
0.0357087591209181
0.05888189267337862
0.04748324829875038
0.033967627563029096
0.10094210015253632
0.029830243468107316
0.028540049663458765
0.014117529471939595
0.02270929528533787
0.03426872552561294
0.023586218112806437
0.022899622269348746
0.025864819055858274
0.036795406904955405
0.0002315797871464409
0.03976264412503164
0.019734901591879142
0.03206478745006841
0.041223290316609415
0.024028783387203483
0.06713937521680985
0.015573919428709348
0.03203132304261243
0.04346904374049991
0.039152074314434696
0.027422878802474394
0.030336727006601998
0.07661386687110913
0.03063015759236147
0.034249521703061975
0.07506244503554556
0.027179331778651856
0.01793451059027816
0.02444295607937085
0.010357450160882034
0.009505292929704891
0.021133311836897015
0.2034546077683724
0.02234664510644957
0.02602872431235212
0.031136027282586957
0.027519641762453487
0.03180570204951914
0.017926341589122888
0.01903065158056437
0.023162781930648777
0.015247692042246408
0.10541305694865673
0.20242476216262023
0.19996162071472556
0.04384335103915182
0.016611591227025137
0.03471190585425131
0.0033806341548882866
0.011269730368624036
0.041008011014987786
0.026706069338299936
0.09032941728594303
0.04447006400260272
0.05708926980700338
0.0272412794925228
0.02383823398406646
0.023689621285700357
0.0229704876039716
0.023873996496295638
0.02686603970524701
0.042009630967205086
0.022327693125850725
0.05968991489818584
0.07059251339988037
0.031775164587451644
0.011765508728890862
0.2023602675266608
0.024851336033833604
0.022709552990937142
0.01625510437384209
0.02396384523567685
0.019485798011080798
0.025129120378734184
0.03868514425729036
0.027145644972981702
0.05720568122610674
0.19131015296537826
0.018949412107322695
-0.00827020620636645
0.023151672080602453
0.020643706669837777
0.031578960945544764
0.02796311989903699
0.06726522039169548
0.01633775330354416
0.0394882991929454
0.029320118104204637
0.05370159088696033
0.017577395488149662
0.030082575231075805
0.013765249385833626
0.043430976600069594
0.02316693814233506
0.026271822785211535
0.02293991980548043
0.2041808127880984
0.059506344877030715
0.006387819741513874
0.043472513740952276
0.06693574298565731
0.04668454406584991
0.10010127336553366
0.02448354383921042
0.19665266232696885
0.02576987958281611
0.2046991994928823
0.01986463798946927
0.03321737850811893
0.033932288175868554
0.026268183844452238
0.08249946225968338
0.010947838268142107
0.05473766424008558
0.022577567562488465
0.027941900762761478
0.02392336046158497
0.0274055276193683
0.01879077686349216
0.01756335016524346
0.20851611802304576
0.017077467728075953
0.025404196247826246
0.01751627229702491
0.03224346379574321
0.034468536295848395
0.058636551059675884
0.029492490559941187
0.017184882239984496
0.02005176521645774
0.03630973531608497
-0.01496894642257637
0.026447747561148056
0.019158942512560076
0.03935816216425275
0.02084063786181331
0.02242098644977715
0.028902734864957095
0.1641139993140158
0.020767619027705228
0.05117820942988008
0.02736076369848141
0.028382861071394965
0.05332931528124042
0.012873068465433029
0.01386950024022131
0.030623728324244696
0.050023948281785136
0.20563901224384618
0.04428267165950746
0.2044771988204229
0.031237540093310045
0.023795272064899245
0.021836505481677333
0.02904003995410689
0.038567848298431365
0.0774204914272811
0.07118787073169489
0.03265750472009381
0.03971356976940259
0.06939979947716174
0.03947542651873502
0.014360435140276838
0.026059401049541554
0.029122122801347506
0.020888783173397926
0.019041858856011833
0.01669640067463434
0.019260000298002875
0.03412134089316697
0.05134681925271606
0.04056663317878641
0.0184965370209769
0.024028286649234617
0.013461923651943241
0.03968489454605113
0.02646973180510954
0.05188373521106927
0.02543485510216905
0.03368731444797055
0.033065086160421336
0.02779484502132916
0.0305016738319692
0.042132330802726665
0.05389748239930878
0.021876345971379697
0.19080031973813588
0.021554308698303305
0.020251881175318693
0.030178554135197065
0.013523461502208955
0.020432275071261316
0.027069962594387625
0.015267545113464051
0.01860780344800294
0.03266895515471452
0.03310215718083475
0.019258537863552617
0.027280087665396593
0.014016607912243323
0.018197167056637188
0.21060595814013838
0.03926367120575355
0.025078902068040906
0.0886880093368197
0.020299992148550605
0.026245223252833627
0.08914633249559256
0.038027847705627255
0.014426512983803094
0.026977928727775526
0.029381430556774377
0.03190230361213847
0.01961270591738133
0.027249012477487858
0.07664725179914436
0.003877577934642922
0.00893605831755879
0.11750413645803513
0.01956918104843636
0.0844971812597445
0.027885843001275123
0.1032956422339124
0.029474406578238535
0.2022406875884339
0.058742735850203176
0.0829471098301703
0.03345525436441359
0.029882249674512078
0.010489874582309551
0.014161779969833688
0.049674636392069774
0.027595162386277898
0.026152530334366136
0.028738538786995723
0.06533262506472912
0.019864343371947528
0.029735793586189746
0.0244392380496279
0.034358072576557167
0.017492829238872017
0.025029389596690144
0.20558441525474946
0.015748175400095557
0.060455544581153584
0.03645066425934594
0.03326645598801553
0.02332661936259478
0.03405374316989874
0.019217935239393115
0.033360444183902896
0.030978997908070776
0.050762464315259714
0.029049145414952637
0.04940261119853231
0.20247100601072515
0.01675336031912355
0.022569847954292368
0.031638603639547014
0.019827552184419645
0.03848508904528436
0.04488243733536976
0.20411428181562544
0.011336110237484893
0.03332826703866168
0.02694766450135797
0.021783375936499046
0.0333302566342545
0.07678773387280406
0.052921720266314136
0.02702698070386862
0.02839722877577558
0.025252187384763515
0.07672818264597661
0.03096834783311115
0.04013356285112972
0.01765466439869394
0.07614339108925829
0.03488328524179403
0.027628500436365853
0.024842938969268064
0.04138730574071327
0.03108062425874627
0.05071822442294982
0.012827537686295699
0.019814458959316966
0.03961839215317389
0.025262796509547054
0.02946759072827687
0.020631088589617
0.023173951279926414
0.01591660477034749
0.03156019171725344
0.010769934347540734
0.02505505696513799
0.018322403327503917
0.01560111271095947
0.20563901224384618
0.03205039203731405
0.031109433351942467
0.01914218542597529
0.049434518239161895
0.033400369906325285
0.0524100627175907
0.03246089727201551
0.017852671302470965
0.032729762514145735
0.014163978623676736
0.029069850275048194
0.03781393108383356
0.010830241821033338
0.028212257046916704
0.035149042533904995
0.020831895129271537
0.029719023672833716
0.02513740985826343
0.20088912471914877
0.0315775786146433
0.02872854149099405
0.017488810326825227
0.0267387213978108
0.028706342402168267
0.03503428000821079
0.025315425240153237
0.023248832814394098
0.03828097246578305
0.016390766093203946
0.20458597230963466
0.031155482144839
0.016138469997247686
0.017134283339518917
0.020117203325407573
0.20629721849673266
0.03135623926590315
0.03478430492789925
0.02091610880136706
0.02325134509083783
0.19610540653852643
0.10185012241242247
0.040495610080559394
0.010061180198951516
0.2045065960364236
0.03881794194810874
0.03889781283475531
0.02833915930675407
0.014540987374267705
0.025232412773188665
0.01602019198366983
0.052418918256632814
0.011763119971058687
0.021383720620936655
0.030857095682252093
0.003523186874021325
0.029999835200739195
0.021347146172645146
-0.009928530409443224
0.04980810237580893
0.04766480250377979
0.06680330762585207
0.02259132973271003
0.03049942235100312
0.20194386341027448
0.008557534373483887
0.10100756946519773
0.03680086618304522
0.03076368972254179
0.10417265299351199
0.028067240339564203
0.027242099318581202
0.02463034993755711
0.029278489777947954
0.0429097026203563
0.03585863726471262
0.06483100747018686
0.061886309958432875
0.05091699033004634
0.022879175112929088
0.03492077417907859
0.034913502281398584
0.016271928521095925
0.009157907975350425
0.02856063568455062
0.20240649085777623
0.03295865752854575
0.014838560561086934
0.01748476968225854
-0.01256946186636072
0.01567000300775514
0.018130175767576685
0.03149784471115041
0.019235479043587845
0.026124411258701963
0.061879414392017454
0.05042179122642301
0.026013865972795237
0.029648625255707405
0.02082916014943401
0.025982294708673262
0.08132641715842087
0.08336327066883459
0.034888994808101606
0.07599714289988573
0.02642065655001437
0.0902097904603217
0.0020992816544325825
0.0226995774479817
0.04111981264812253
0.02559745938806956
0.042777840956180015
0.028725131997716657
0.01761774876740756
0.017542147121703842
0.025929339060636842
0.022519490933521687
0.03472515674468397
0.05133304320941355
0.02089581780119208
0.028411393329590792
0.09195685689851757
0.03011011025042599
0.20623212231178867
0.039420711251567084
0.024827955625080566
0.07860050048810527
0.02020437890310017
0.03337387441174793
0.03469786981489531
0.052345701455276505
0.025209679375035942
0.04686295947415413
0.021549927007587687
0.04212448667609389
0.08381727432833017
0.02973684625286724
0.021005254505579548
0.03359983513116062
0.03237739069462646
0.20201957379503688
0.02314964085263414
0.05255520317177122
0.0075272825537779885
0.08207490281757653
0.012241978723048769
0.030498063383117304
0.03113895044229873
0.02699139522320466
0.058301238479030015
0.20950781946039357
0.20253117500454076
0.20615241712143362
0.03236443651524487
0.033776276224496235
0.1187121116088787
0.026789812120874824
0.01636406181362461
0.03269095026628392
0.02364707951117477
0.020684922003695268
0.020140249844198675
0.039912883060561344
0.03436975896035978
0.03540894301385436
0.0286401210029723
0.023114923216692205
0.017333297925931343
0.05609683645461233
0.04020752835977599
0.025406407342867386
0.100323079004386
0.028209931748216812
0.017805935159077288
0.017305642187223424
0.026207264990971466
0.0035562858586730833
0.030207484767578764
0.03929184635475081
0.03410203710372604
0.021574479437485625
0.062060156615160234
0.006738196280733962
0.027570243752700382
0.03061599181437835
0.03165252593349988
0.0029951756993264224
0.19781148587159425
0.019663738403161223
0.03149541750193666
0.19986202953647114
0.05655861373022482
0.02735013218245836
0.03616837538071896
0.05580849527190539
0.05056881259404142
0.2052341663145461
0.022191437064205743
0.032136670263583314
0.05414603885979441
0.029439440522578176
0.2023399268784657
0.20148369890105888
0.02940708929844791
0.022253146292679604
0.013946209492276932
0.014783987388556501
0.02646706800574182
0.02428873354218902
0.021706535884355786
0.11322493446958962
0.19988585333466546
0.07560221751096731
0.03734958643731683
0.021870471581938885
0.022272347843447775
0.024184909184468233
0.023538549879469645
0.010443725388189103
0.029057766360597998
0.028353469527896025
0.20068763013642915
0.04233246771268612
0.05786683675535226
0.2090629403295
0.20070041152470836
0.019229555718699748
0.025476400093227172
0.0022301494186472426
0.022826759899216932
0.03627874672731776
0.03437585931956508
0.009046109433467946
0.036003507462251554
0.02137422778426081
0.032274678559014155
0.02004297411501022
0.015215790307427722
0.10013474321512492
0.0281271290857478
0.03673251602988227
0.033688932955531714
0.04487255579558566
0.06942963195070287
0.014639003372148735
0.025409330103671607
0.02805863379426053
0.06315646791393482
0.04255702586931297
0.02293482672648741
0.01388996716582929
0.030196650098353553
0.028420921093430498
0.11614088269166242
0.03493306770956397
0.029149295056990706
0.016088056409624015
0.2007669755040189
0.017407131894074095
0.029204574799514278
0.01575289377203387
0.025607343339777305
0.038220653062717796
0.028285542229507847
0.04159036432748747
0.03611799344068685
0.19599817392723512
0.014599540838861148
0.030752887319468906
0.02804021369400335
0.032832236834649836
0.028556069082612504
0.04148944323524897
0.08722110595453827
0.19645002302955925
0.029597403405329435
0.02661048228327062
0.027587492104136385
0.043136181663286824
-0.018526127801565106
0.017982915228003
0.011902883128917977
0.011734247196242945
0.03468665205554697
0.20633482665245584
0.02429906845359553
0.2045821920963588
0.023875855597467233
0.02643799950056268
0.025634794663677983
0.028183563580856094
0.029991047388850126
0.052734468869657956
0.024749000474341077
0.01630225797083805
0.02015449347192978
0.02680649391210223
0.031170225594033103
0.028111971060679284
0.20504217837492045
0.04317755780226201
0.038401408728126474
0.03941450874621612
0.02698987327105498
0.019298135325478867
0.027123225508913433
0.20240649085777623
0.02794075089435647
0.030789502538484795
0.024191988888444843
0.02981720074833358
0.023656463743212668
0.024698218427765026
0.016217511445839217
0.058841734998176326
0.013855804318196196
0.031448837456419465
0.2055971035773571
0.04409299465001126
0.19153313284913429
0.020842005469191596
0.009245344770301958
0.026846950472782623
0.040992604637188734
0.008761867894404996
0.03242943879992996
0.009040708289461533
0.09016346596746147
0.04553035914586795
0.02899954794542248
0.024560682166881218
0.058314665287227674
0.043749944903878145
0.01602759853563204
0.017201956830097783
0.026746391181386855
0.020836025733167056
0.04142064616491182
0.02007544784503664
0.011349190764166853
0.01687961806614449
0.019700105590529253
0.03154118577164408
0.0353742762982697
0.026457193116618455
0.2005123640816945
0.04989236433123238
0.10602229165623997
0.02658839291084434
0.05864229086673145
0.20694294864528184
0.055791299650008896
0.03351029480086759
0.03378429477768713
0.03321196347896191
0.016010476989042035
0.02720823029066472
0.028016031751417186
0.2069710486609599
-0.01729367183447313
0.0716888252831187
0.02993191049139466
0.029114304071607963
0.05330920577296182
0.02426246443242101
0.0363525438870033
0.0460736936395412
0.04832030254439926
0.020991802516202876
0.02763715799597684
0.01685359822194183
0.029639195458962098
0.029115598891163583
0.028256766051893284
0.02190475816524288
0.02155605571288542
0.0236861676253948
0.023937453575186177
0.015246714747664232
0.027549314100533538
0.04627720447277888
0.02125317002477619
0.032196800742849
0.0162780224585684
0.06013765317709001
0.022519619365003317
0.20623295382641582
0.012766414600330936
0.028076511761776432
0.031572252179912774
0.03076150161054731
0.027496378701667056
0.0888933602898486
0.02912737421386445
0.0330211820188397
0.03170984440457493
0.009867708066194457
0.032110569671083194
0.032669026735989766
0.028589882491822517
0.03350773984475705
0.044351245505537554
0.040681863350282677
0.016507819488540878
0.056085367357370214
0.01571521454428875
0.03470616685488975
0.1986712540849758
0.024129211468408292
0.029349162800726487
0.028976051189369946
0.035993328816006906
0.20357959855075594
0.03190105329172423
0.03581397068789988
0.05476678035301691
0.04474409400233073
0.06268659282668587
0.03735042543815615
0.006967144733649422
0.03227185223438106
0.024511096633922015
0.043980467091061196
0.018827126723127356
0.01763149673702066
0.00956526122816574
0.040046123700939296
0.027975140484815062
0.028068364462633298
0.03295976064189025
0.029197837232000055
0.03471413389855087
0.204322594889689
0.03569925967981674
0.020626119090578137
0.026288672701778808
0.03439462207884913
0.027846158197695477
0.05352381709383251
0.012576535358075291
0.025358390999051173
0.041056281605717254
0.034277463488370005
0.20552157507642213
-0.006441263742290895
0.02819071612960538
0.013425358166446851
0.0028412179269947657
0.07835832316961062
0.027700374962266662
0.017024358801661227
0.02961405581289866
0.034654212509091564
0.01195506067566819
0.19796548471753234
0.1092516962280135
0.04212769269042456
0.008764547514417916
0.029416996470125245
0.012324921062272405
0.028792068035000506
0.018001234052271213
0.05392187926258031
0.010110700653289005
0.006043186214100101
0.03375318368248764
0.0716435816508545
0.03323723943945216
0.11144110096454946
0.021852298550810317
0.025048776888667933
0.036447670243424615
0.022552654511915127
0.02791622461328033
0.033304660331928956
0.028467931500916154
0.0683627383174238
0.025035490844728926
0.20294645695587735
0.05403378955973158
0.028314700597430638
0.015490134369235246
0.046648423866685086
0.02916742486912789
0.03509987401179257
0.20510060517799344
0.031080005011759358
0.019305331607090963
0.026479432529762932
0.016439065493609746
0.0271668622994049
0.02117811773397426
0.027428632022948755
0.024199654841390004
0.07485788014138389
0.045405597501763845
0.03354843394354673
0.02316584949007076
0.021007977838136255
0.02064942331859653
0.01612969907838107
0.011681753940600668
0.03134090731401995
0.02987567366832752
0.029456418174481493
0.009846961341886716
0.03893817965289126
0.03706365237936908
0.048923617560380855
0.0291095467826011
0.034500312364209244
0.012418904093877015
0.1988469144595828
0.05918572542712271
0.03180040839583231
0.016319583118919696
0.03330668895293036
0.0264914729098471
0.1996764128092755
0.10434338824703393
0.02693563765157054
0.02220800768532824
0.02402355643512151
0.0580399763081907
0.027958293118952374
0.02135197499735472
0.017777960267565524
0.011025195403867042
0.04523399104309293
0.02845121185585883
0.03323037518451917
0.016400156852218913
0.034602061489845196
0.020105241356149314
0.029650604290947874
0.028135445945585074
0.015704280357381334
0.06555117535556476
0.029180582355925314
0.013898811423104993
0.02099207549129861
0.032354301618872455
0.04246517107374677
0.03161566637255446
0.026596309802740477
0.19654772473324986
0.029977378622074405
0.006088421411233617
0.018792507908169793
0.028984790890135656
0.0235894947043149
0.032170533033468215
0.027631328733241495
0.029186343296872495
0.019920744507311523
0.029566125549392648
0.019536688616746026
0.03476931186239804
0.03672759697498359
0.03916582602324402
0.20203244794182207
0.03117563294659217
0.016733637315274216
0.20436108425674743
0.02444745876051253
0.03289692012394678
0.07569427132986269
0.019450263900904128
0.03076256289248607
0.041789286223871444
0.049323949418345836
0.20380140297241903
0.01915419207713001
0.01648699147878699
0.02124447608490809
0.025638355262637906
0.036628108291159256
0.03399245248945082
0.022461953768371307
0.0217913942955096
0.04851091033769338
0.04056534934430526
0.023452988710060303
0.01259612771354485
0.0338989904024294
0.016570753811424647
0.022009043533433824
0.03822590076335823
0.03596761114103915
0.0489983986477929
0.1991679748639814
0.049893021807871515
0.03179027894482077
0.15852505290855307
0.015723683383678175
0.032826033300171316
0.032305290881262425
0.028217907985843158
0.026898417208864094
0.017180898567066123
0.04863853148439433
0.01957255591188335
0.029020149913981646
0.02821676750014147
0.040060132030411894
0.0689971567461432
0.040782712283132475
0.026008571719868864
0.05930114329813288
0.011600388933446818
0.00016292268425016285
0.19434054596414635
0.06258895069718053
0.027641728305843487
0.025925339094551095
0.033301114701594914
0.06925715875973341
0.20439314260259034
0.008709894043474012
0.07600859465877982
0.02907948070314693
0.022537420888811933
0.013880750461512876
0.013591800483286873
0.020127168868579293
0.047642161386367884
0.01383983245089563
0.016549996374200092
0.013725825829146008
0.03368906180514595
0.04646834395989512
0.030790245402579394
0.023604629288435222
0.024189744243904077
0.1991926508432176
0.036965626055157366
0.021467681134170562
0.03796403864036102
0.016471049101789304
0.004857856938556459
0.06710195954638415
0.00326487608916233
0.013249983347543424
0.017440515221879827
0.023858444014101424
0.029433416526513493
0.027877423460954634
0.01879552808699818
0.02957913940233033
0.015585563407153946
0.06707993889871622
0.12022425782666664
0.04032209897162438
0.017300846233137834
0.012901348888595177
0.03960168443398644
0.03914966750486067
0.021723328444823387
0.06803503642357908
0.033878044302806706
0.014367593046700492
0.051062030880242
0.02361847650303943
0.02944649250564771
0.014249280387335826
0.021503252700628275
0.026532939710502308
0.03486182908489145
0.028500931965286348
0.034276980416620764
0.04454310553966716
0.07002144033273566
0.030141233227798252
0.03447444463278027
0.05162909407883423
0.01263610154380509
0.018986481418393198
0.012838740679057523
0.03470140693794683
0.009556370895133257
0.21232844097184222
0.03128907915113513
0.04167732025081322
0.0936234683883777
0.027255813773710565
0.026918856427777173
0.037776077638908445
0.041451294610183834
0.032932510099044854
0.045219314080209766
0.20781836376609258
0.03330133261502975
0.2023399268784657
0.03153052711993021
0.022127912931589118
0.01366229084404514
0.015671763902156802
0.21232844097184222
-0.005164916378044518
0.015906609254643933
0.028147784720592428
0.015653375530566324
0.15391066876261805
0.023131970953781777
0.017450789671420268
0.0656419548678666
0.01317372408174101
0.029098997648728163
0.01826768648316554
0.20070041152470836
0.052917621970897104
0.030624373478944155
0.03326822024369339
0.05685642861377058
0.014116772901488547
0.010875437545823662
0.04650304432415593
0.03255620863767882
0.04873377638998771
0.03190460384568469
0.06705200543955808
0.03803559509659986
0.10191970821951682
0.024203815800318478
0.03432830287651477
0.0943897134284388
0.012789009125660377
0.028417456426931893
0.033463307329136216
0.022195656649262114
0.03229249128385428
0.03270598254280095
0.03128436444648998
0.017741750527469225
0.01833824933248397
0.03850505396255001
0.03621441622464022
0.025843254782228667
0.025713886578853186
0.026505019376623692
0.03684401616429704
0.017080453609796865
0.017394447531469667
0.025296517357812846
0.05807003468492797
0.020352866686827432
0.019036122419470988
0.19945523419147493
0.028847945615261075
0.014269730377108172
0.021993704713961032
0.07521665763596605
0.0037559509139015006
0.02696924215226966
0.02172588564158566
0.20170368130491725
0.033693771208188325
0.036766569630230575
0.030463876213600492
0.028094947257705012
0.03286815398798139
0.08918165615580054
0.07051256314636037
0.028609503262166297
0.015556762275223636
0.018054964010391184
0.014500556331490378
0.05247821098233073
0.036344406955997555
0.05931738774375228
0.02847095332601258
0.08818524352794496
0.024671830109466032
0.023062516750815887
0.023955476028721508
0.02825425678895818
0.03298764654378553
0.0543528648931374
0.033068725745610955
0.02477009708489193
0.1263609455951928
0.014672450793352932
0.20304849714651363
0.01874330702336053
0.07602103760366996
0.03259689249414684
0.020311915497902924
0.03542858605523752
0.03363983805654805
0.023324668669081724
0.030837717205509298
0.05030470837337227
0.03498625430493379
0.05086206373108415
0.027935285449927003
0.018598267470687324
0.019617910589590584
0.022091558820014023
0.01793663515642025
0.0307649350431702
0.03625588645641377
0.03222868247315117
0.0284160541842301
0.014553951787094632
0.008843588303885262
0.04151209439250828
0.029774089976794926
0.03126772816924871
0.03123292329735444
0.01953340472657785
0.024345240512439054
0.03858442437243832
0.03307196452588106
0.03412792821607101
0.08061549870520034
0.20484074401529498
0.03720097801053441
0.023891052912588615
0.027668713139616434
0.043860440508108584
0.04075734076305085
0.019195225793554687
0.06206827171925494
0.13500171901549024
0.029454446405375277
0.009864207930862155
0.04981285554087213
0.03072496513945424
0.014142434123235927
0.04148726719557015
0.026031419659080096
0.030556189119801406
0.029139040202209154
0.01793073226140632
0.14867397098355595
0.03366554390291252
0.028851234587608222
0.05728945936295199
0.015932273318612175
0.03338888487985976
0.031038442988799278
0.034527935504473334
0.01951596506149001
0.0013456010700113978
0.03441925797419737
0.023076766479602336
0.015354578603623352
0.01697746923397473
0.031087299807296714
0.023521207085938505
0.08267334661407308
0.026778875326966215
0.02880125959540116
0.19619655457985474
0.025135829471460272
0.07067469274995315
0.03062854324972849
0.013441458252343297
0.017805087613458816
0.06742672420281243
0.03915252407423103
0.04666743279987633
0.02089729300303685
0.030908797102988633
0.023385089396961538
0.04038263785477225
0.03977274012374386
0.011339718677629637
0.013670316297087867
0.027297469726558714
0.014768591301163364
0.017203471887303947
0.034713279569931144
0.031112790040094835
0.033136011108395744
0.01631039293664465
0.025285185211272113
0.11585036049985033
0.20284880937782226
0.13311986381575638
0.02885808566763022
0.019586393788650645
0.03156197391204207
0.026966587572200808
0.015180290915898984
0.018982348293319413
0.01868586893718392
0.016085940817599183
0.04024125363669162
0.00958731695802132
0.14579168261195902
-0.027181307056096022
0.020200766042021638
0.09658308682304277
0.11297232483632641
0.030121118075727468
0.04867969366780979
0.021571490213014004
0.022694839150016837
0.02980706070671891
0.01792379367798593
0.03360724574193412
0.022853137536293294
0.031570514383076134
0.03194756459733538
0.04135315018484124
0.015099661698918469
0.06702736695342396
0.061613605864144064
0.045323339681252434
0.032280442860600576
0.05440051221182178
0.029902385014420444
0.01925806118051804
0.021736419952526814
0.02944124802569884
0.04919661538869613
0.20358286283161842
0.021488704820791515
0.03904496263688944
0.018155001524892682
0.025681577591859767
0.008889649829366708
0.01894482762713104
0.022286543212431394
0.02491917761565958
0.03953911996925197
0.04058287135149974
0.037098884149721484
0.019194351038878888
0.03400721821305913
0.03228280691222545
0.01502272293699302
0.02728317252763328
0.047149858689490565
0.09776288681799564
0.012556531272821577
0.01819307420343669
0.061865291075049
0.12148262521179394
0.03207118674305866
0.03395721374505567
0.040088107208171
0.016566326599072374
0.019252197332302306
0.011612180315383355
0.013539383009727887
0.02393791191699292
0.06496537010771404
0.02828712449518064
0.004593778884307825
0.020423820824902822
0.20766900083834405
0.019920944521478967
0.027896720043661546
0.012871615249934942
0.031969736954049005
0.027689357231603637
0.0063969632038156435
0.03141183725500923
0.014753859302107281
0.06031196547233866
0.02512367261119267
0.034560064506317274
0.019734592550977408
0.20284880937782226
0.01842168771718985
0.030550861085477762
-0.00026124465732536503
0.031346206907132995
0.03463693951896942
0.025970772622756023
0.03707557113260117
0.028650817379957394
0.022491137264124522
0.02067861996263641
0.2072218828346739
0.01575113101579066
0.080174635262472
0.03784527310804418
0.0224015013999326
0.012660468374320161
0.03137037096600255
0.02393392235848791
0.06118947974245548
0.07703398640017253
0.031920875783595724
0.02933180821477514
0.053845657378331524
0.02306655301656816
0.014934857572702019
0.06071185252037278
0.012081092526562212
0.01401893171928189
0.018042798229530588
0.03873150015305945
0.032046757822534924
0.2026122669763435
0.02798029519688113
0.03485668154019621
0.04611656871600407
0.04111501990036019
0.06515225125077148
0.024813541773209557
0.030367612251911084
0.03488252306542285
0.036088276467464625
0.03120161071298689
0.019149550193671292
0.03334511482118013
0.020330938983241106
0.05573052508985091
0.016305977624529778
0.03817914231703892
0.05139182502609939
0.09095636726064636
0.026959350778583538
0.08079428997817246
0.023529795017372946
0.02708876903261189
0.018960402039293223
0.025901064700730603
0.018545725304247397
0.01737201332597088
0.035364032530463954
0.010421281473237969
0.07345907397403525
0.026479833732527634
0.025893740631026244
0.003981256696631557
0.20095369483571912
0.03279676715938781
0.02484614902642173
0.03098680128312282
0.019820594385530556
0.05073501434508661
0.025938804066624847
0.01835704962324602
0.014178049720651204
0.00606350658584465
0.023852207881863166
0.02527545049896647
0.013375936066235845
0.0246791917222544
0.0320132290033879
0.023062370043898058
0.005004195469931496
0.2025508016397684
0.033553877255715236
0.01476621385890838
0.015026676928306077
0.020897959228334134
0.02631248632903736
0.04687316184343464
0.026069660888331667
0.057142019536069386
0.03527548727275534
0.01950345383368512
0.004284246451727092
0.045182306202140615
0.020688781308413978
0.034915307372433736
0.11567214857981929
0.08826279993051966
0.1988469144595828
0.0014610916847403975
0.03238373359665872
0.035985525994582754
-0.007677050791261453
0.07134121908632496
0.08865323393444849
0.05013790614691757
0.01816049496484101
0.03294952979237517
0.02637041756824325
0.01395885081148016
0.023046910225930424
0.049189390183991835
0.03131941209160935
0.061849377556228824
0.028939142240699624
0.00046636426768216846
0.03179525722833626
-0.01639572187788246
0.02601108757831687
0.03136202340663764
0.02608019116488833
0.03518765932788388
0.2108074343446047
0.03471850946640315
0.2034979132878002
0.038511042271622054
0.013941958494280992
0.0785100181998017
0.06474671522382669
0.022336483926638635
0.024437936435324256
0.0162502149542992
0.0360180585789438
0.015580051924552928
0.06327122468885951
-0.0005485694920762847
0.04280588345406966
0.06444024445300615
0.03637255480997674
0.022845468046469645
0.0593588191507991
0.047421402559706026
0.013136930829015134
0.02323033920252635
0.025660110162122288
0.19683048840288545
0.07676822799151446
0.0233562718277482
0.02346115724351147
0.0475678509981174
0.023199335411431148
0.05136001182736877
0.0714365986350455
0.033942270992342274
0.03459013744001997
0.13176941581689963
0.03326998756125253
0.06107666532014007
0.03184790602755158
0.010046076946674703
0.0020716130750968037
0.02013618414335583
0.025085585119671024
0.011866793553611315
0.029969882806228962
0.05281125570658887
0.046319345762419986
0.018981179514399822
0.008165773358808637
0.009592678655203524
0.03984427863465241
0.033531962128999844
0.028129669026830187
0.03424349586747865
0.028796896847016692
0.030035043298530302
0.03207961969066213
0.02890201187425913
0.06412818202803314
0.03259437016405365
0.03309278120007665
0.038601944836314184
0.03235941072307994
0.01429358551796535
0.2037590185734372
0.012420774721170275
0.09092832388758636
0.030686449833175082
0.033226811448971036
0.18934575625899897
0.023842336957778897
0.20705438013783448
0.0306077165828399
0.00393626716475071
0.004923153845016948
0.03227819308722743
0.05621843560502135
0.017324869118445805
0.02836161131762037
0.02693718096187819
0.009634854641444424
0.02835724584011035
0.031187886266212547
0.012948461399314114
0.023523402949347526
0.0639547997716207
0.036632615045685935
0.031205613808010846
0.017025907002780047
0.026111628744177932
0.008931181416917127
0.024893095852256783
0.20805323810094067
0.20089071891968743
0.036055104758469854
0.08701480560696379
0.015783962250230037
0.032211748271784524
0.02825187834485596
0.0270572631183573
0.01690304575506346
0.029497677702048773
0.01481022091497488
0.026611071042542886
0.030220060592423863
0.008033256245708224
0.19991159105024164
0.05051328722428082
0.020113337995079965
0.03194208083417771
0.017879005869663334
0.11629753255213884
0.04960132144259896
0.03582834169848412
0.038637761077526936
-0.011553771233722556
0.01281541100851544
0.03454301629269876
0.026941569533095705
0.02986494094658754
0.022698675949075355
0.020069119854018824
0.02703280083871358
0.02285071971597146
0.02147192561869099
0.029431944445420903
0.033214732827902285
0.17193972706347538
0.030978565297680245
0.02802181342469962
0.029696474319534212
0.03262075571778649
0.012451077518273368
0.02427962693573172
0.01748294770255562
0.01911233649627353
0.0356452767281612
0.024626674695757685
0.00010401601093643423
0.031703471442384376
0.03832319550218993
0.03830533771455753
0.056215583959984994
0.14671925996072216
0.05401698958929824
0.00246552665732723
0.04426858013227793
0.020832892224520286
0.036655327157003786
0.01756095881836645
0.02095482697355802
0.03611780283492494
0.03354921927407612
0.029306594755450652
0.019604603436666253
0.03425155311756538
0.025289209642991115
0.01654152673729515
0.013214192635477847
0.019831770215411316
0.027592197810095184
0.02717566037722679
0.0322142067616759
0.03184332071573963
0.014497602765291648
0.007794157848718291
0.029477009002381795
0.02988567170820542
0.08953160926509555
0.03029434008509713
0.02485171755076271
0.11856428941420016
0.027783367065403446
0.02903700589602369
0.20870658381419943
0.02779158051773369
0.025241616162351977
0.011781184444042884
0.0563440172267588
0.02666421658273114
0.02701004535067476
0.04566467397012411
0.023823532904541728
0.017552176220078656
0.03442412506398794
0.028446343709650084
0.025122025126956018
0.0727121232493517
0.014990772152276517
0.0511449246950121
0.030159473620516023
0.030086684981811725
0.026396249892921463
0.03538195230313832
0.02917772275503327
0.0388270821692915
0.026723826196526003
0.024706980390554086
0.09193297023217661
0.023313228185550965
0.050924526740622415
0.0322993629404812
0.20410460737741176
0.032706852163819036
0.03113909931242712
0.20089902249106262
0.015661679630108925
0.02540028366334522
0.026337263509425574
0.018740922648343053
0.03304015013356048
0.03355898840920208
0.025010002563201756
0.0072125489467304415
0.049342969318294065
0.019488017049663436
0.022049328697923205
0.026871600356678713
0.02077928402142985
0.027396300298682986
0.03628074164165851
0.02747541175448045
0.02379335245689601
0.034264370911858535
0.06850259466640492
0.2034546077683724
0.03988728191620167
0.015308017284052023
0.04157561702325749
0.029525977186440476
0.03014130145346105
0.055634863022979014
0.03558501337812103
0.02668386855684323
0.02927192161914853
0.019211554469721316
0.03267248529400392
0.014756648902195909
0.017939441800442497
0.021948053333573164
0.20143933787387958
0.20623295382641582
0.011869445176032575
0.01874617550171852
0.02511791021763924
0.035132656148977634
0.017779676177368586
0.019519000977373975
0.019242745403877378
0.02312277053107621
0.039225746369965
0.0119100446815149
0.03262098256082595
0.017978249170126175
0.01490999134092769
0.01341995951067335
0.08093974213273811
0.021922850134990707
0.005437851331429992
0.013752133242643924
0.030410689198243454
0.026622549992878268
0.09212271118834658
0.02587306799060443
0.03083283616656224
0.13507466875362806
0.016435609243804116
0.031180957678420308
0.04065628853130321
0.026567426795513736
0.028393807664865527
0.20492474120749643
0.02993880997913619
0.02174465016962865
0.023342685957546714
0.026336851156320597
0.14676116975473785
0.21027842208841438
0.005279184025040771
0.042969025056211696
0.035407821171003745
0.027606460673263167
0.09961039961197156
0.019446236087773246
0.03920197947912479
0.1959099294803352
0.045918336475761226
0.12188656681121753
0.017075180273350823
0.008015214931949222
0.07654109745651923
0.051422317221809094
0.01781443635373787
0.04532399975980743
0.027314998160661113
0.015345487903710448
0.03490306821589247
0.03312519205538856
0.04830213699045105
0.018074408661869882
0.08591405853003589
0.0382704288692038
0.022326317479841793
0.03195000510522827
0.010056515257943946
0.19575119410627909
0.017318658073002334
0.0396250956009197
0.059659390111108504
0.024859651004846696
0.027521790977992466
0.01990926704645765
0.022634753698333926
0.013573461360604845
0.03369829358990835
0.03377349595884674
0.03299869002595973
0.02652481482396105
0.020154779603232278
0.06038121402838362
0.20426819809701385
0.007152724240108585
0.01880554208797109
0.14805950275085
0.04978660853263292
0.044865201215794806
0.01579678630099672
0.013867335633627057
0.013732507114811368
0.06862643544782837
0.021443520507093174
0.025677382658564035
0.05478568891240354
0.025249500583760385
0.10623666288616378
0.20997764633599497
0.015169174167909617
0.016304301639616124
0.018160005465295632
0.033163801464245045
0.016644724297768684
0.020117501605169535
0.04986050167129784
0.030910413511087673
0.03167879384812123
0.05315088275229812
0.03704296108324642
0.024694137194764675
0.0229145715263431
0.19920540212352833
0.02579643508502783
0.05197849711999604
0.05198545583699861
0.036217035637146074
0.034140750954777366
0.03408668431455471
0.032616665823654876
0.03540221697413432
0.019443705728598007
0.03743062040276379
0.02632549410900823
0.03072599135503149
0.031735822181738045
0.04712050242590417
0.035208055534100224
0.023308930175173104
0.1659213928085076
0.022012997208580194
0.035571542160090876
0.02178743116700137
0.20118159855411466
0.022353607995787405
0.0072424242146949
0.04152462234809415
0.023114596421614682
0.01343439181709892
0.02796488326454879
0.05547384314874576
0.015880441117854614
0.01302270378580795
0.20336722245945693
0.011494052153056586
0.019068424684623036
0.0814384894692942
0.20044717338873852
0.041437863527522406
0.028010091861099373
0.03401455606974377
0.03779793542418697
0.024812101083456405
0.030938963859588452
0.05015044146666185
0.02621383859450121
0.013397649474308623
0.03319507518541138
0.025497796670898756
0.028117952835138925
0.03372392526274337
0.03417936269690505
0.014554346493512978
0.032368025735826575
0.03513753894894778
0.029621695820749534
0.02512437390905926
0.1922147389355116
0.1989120183919567
0.0653006445775824
0.024664459025499387
0.028150303631027766
0.03504123241170079
0.1258703284258096
0.027226888359338817
0.059597496577942444
0.028119104818513152
0.03046121397301948
0.1112175481508736
0.20563528844286294
-0.008140959769818882
0.05025180876065201
0.011436379952883768
0.05503666623223785
0.029972137584414953
0.08936365506965463
0.025255368779779536
0.01984357131709083
0.0077318545298954485
0.02871542785678975
0.005620739265699462
0.033128261524996
0.020399100733619398
0.030253765490511397
0.02272149106448625
0.012316728759923696
0.2062860370078016
0.031747988793073785
0.024513255598234855
0.009092808880666945
0.02574977838064224
0.02486258474381329
0.034381015733367895
0.07520599450197682
0.02385112861166309
0.033051215106047714
0.036971169348573044
0.031800335458227
0.030517913667225543
0.024425309007090154
0.03135011141122772
0.0224669291185247
0.19654853579336368
0.04517897924293478
0.20616638984710528
0.01984674593971399
0.027882468423986728
0.03258678916134167
0.048188106527142734
0.05014993914726078
0.026488091991042094
0.02479480602934701
0.026241559521742355
0.025104433360500732
0.02047647540404733
0.027577026750699608
0.00809532851817082
0.022894498308526537
0.03471233088111396
0.047052208860951295
0.04538592177097431
0.031750558646571746
0.03361385346928618
0.028487798131171426
0.034688639186335024
0.03068210509215176
0.017925866818566394
0.027374117582009985
0.019225269711675447
0.021590376766101933
0.021744871419329008
0.1915252377108574
0.047667810544043974
0.02428018660252771
0.03662628494345739
0.036020019001512735
0.009553595161548523
0.010432044462033491
0.20832172748360167
0.013335092857032816
0.025748880635310705
0.032859919825059106
0.030612181220320677
0.030577075959425992
0.017455812340979218
0.01839804548934316
0.0051730427510005075
0.049597293840303175
0.04279681922310456
0.025151085452032814
0.032884742082117134
0.03102063589261149
0.01742157195300042
0.03212280947985044
0.021712552138869738
0.01988725192616656
0.07736022090574847
-0.005138824000197148
0.03276769629643541
0.01647740454424547
0.041120468915416736
0.0153258463909983
0.0238027201582259
0.0332328147184988
0.013177861757074447
0.017836666976710852
0.028978824419167843
0.02133395412650686
0.02667379958057845
0.01608901063562944
0.02097809819235259
0.0314819005029256
0.02291646437235792
0.20516068710144025
0.03368649552925575
0.016023738351955287
0.03602675626340959
0.033274443550466576
0.02842307293576876
-0.008213329993887287
0.04798179580312496
0.0211142435902199
0.047552932850604406
0.02368824356489543
0.017423553470300803
0.07030079376850278
0.012546171022145038
0.027553239203891085
0.20353505893306084
0.021726482995429966
0.0235093098495139
0.039464692789302536
0.02917998601976453
0.03397274729844277
0.13064727267979065
0.208330116831905
0.08079178220888404
0.021901166095688266
0.0320604761242122
0.20777558932628692
0.020470994306307246
0.015761392853395347
0.02535680173100259
0.04933183883360061
0.020540932850993253
0.0217263214540039
0.09278044477485092
0.023900179202147095
0.030328980579418165
0.03328869167997661
0.008301635685588053
0.09170786846044658
0.019602687242103598
0.00560152940493442
0.1989120183919567
0.023857791310405337
0.13181037825130773
0.028729607483791546
0.017686560527398733
0.04673256912602454
0.09496534246669423
0.030762475355854982
0.04387893411952289
0.020515969928335806
-0.007632323352763759
0.015978398742872983
0.02440099520423549
0.03330899454368552
0.01878751034348325
0.20690448468164935
0.015356912024693123
0.025690395983762215
0.017678519572051958
0.025813251452181562
0.03202754798752881
0.04187146956305955
0.041122685444820964
0.022652875038370865
0.1978415751536035
0.03144005131677321
0.0183846732139472
0.015957220568051326
0.03414225972067315
0.04612405145887548
0.0269273134751754
0.030653868386380595
0.026580678530644514
0.011590375843988704
0.015801339364261164
0.018354397640597063
0.02051761525555237
0.01353325103239809
0.05634623889983069
0.03182793228914197
0.033235711050087616
0.033599098258382705
0.0724109257093906
0.007882316159288307
0.02450737428029825
0.025159829142385574
0.029057870459648798
