0.039191780628399425
0.01822291243739648
0.03619768635361688
0.03181308705948612
0.001779463883612456
0.024286058931366365
0.017670897017376466
0.025450933573642018
-0.006874749727043494
0.012718866918261972
0.061312823898114904
0.031157259353632883
0.08788570559648001
0.1994559011386866
0.0150896299107992
0.06307386414157466
0.029316680389808714
0.02598371088588499
0.02284337462648446
0.03187869576332735
0.04064139454118234
0.09544536470313045
0.02337477525936523
0.03418415884882987
0.013618205175869532
0.0269025851282556
0.19887081636677162
0.06704714950748787
0.008545501817487217
0.025631884742288263
0.03140926423386558
0.19625777791984497
0.03577923251565095
0.026201981079925923
0.02548157784602243
0.027785683579879327
0.01633321216225058
0.1279172055591574
0.20263547018005962
0.03276506198333681
0.01582280774296913
0.023505662164131497
0.0393768396309445
0.04689676401451358
0.061312823898114904
0.03224097841294194
0.015809040730315582
0.09139705278717566
0.007965454263815654
0.08048737026456412
0.013935931330414729
0.028125318713366897
0.05314000996050482
0.027996089909733325
0.03898287355542575
0.03333115294304774
0.11141132111592418
0.03841921138993668
0.016566967142030382
0.20247411709624147
0.02107472360519662
0.1994559011386866
0.20296079368184403
-0.002702349837426357
0.05367267338136057
0.03898287355542575
0.04486012737128245
0.030763994018937087
0.00128334069032017
0.029895694131615285
0.2011288754796585
0.018280691874607926
0.02631937824202852
0.03730235639555093
0.03132981198780966
0.024263999581768756
0.006930109480536531
0.01635254295777642
0.030626154602029977
0.043040349538282924
0.030709997398069646
0.0211181197592585
0.030467499200063308
0.052259242060438665
0.01999120704405824
0.027402284819900216
0.007364306451782279
0.006133721889112129
0.19887081636677162
0.028174320133460905
0.03911277858550813
0.05375303539867401
0.02700694320757137
0.03702532375874457
0.017480934779219137
0.03656859122242226
0.02364223124870949
0.20302379735260406
0.021613734210175272
0.034549157158988555
0.00379782771818947
0.06324415841027252
0.019327778005797998
0.19887081636677162
0.013811364065753111
0.02041221522410848
0.024880216486638528
0.03841921138993668
0.05355925284030666
0.025855862572456752
0.02249963937955833
0.028983553770288058
0.014494250613399401
0.00497155634480561
0.023326037960789622
0.03266086018056314
0.021145783639972014
0.0169822754235822
0.06333403228357724
0.02186126301264838
0.02239006848380492
0.03513224028840936
0.05651497399849813
0.16331493911891076
0.19887081636677162
0.03538144927694306
0.03702532375874457
0.027039177186178202
0.033950968988240515
0.009634915025290562
0.0414997308237465
0.020175899274364823
0.016856584126261027
0.04089875021011796
0.022667158744761887
0.01225541281651333
0.03640004788611036
0.030808025873222074
0.027565333191766857
0.016597189898586474
0.05494738290356624
0.012977050421270155
0.03790791950812731
0.20247411709624147
0.005873318593448668
0.03713085159339574
0.05860819635741956
0.023860737314401165
0.07974944587216129
0.0264093224174863
0.023162891825189283
0.00487946579298134
0.03190813898940427
0.04034396756196471
0.029405217754571316
0.06701339883430722
0.029738728551938445
0.03898287355542575
0.012679136475282682
0.024381476736929468
0.017247618313215935
0.20646869886332642
0.05471710532839523
0.018856570300753762
0.019759923867676103
0.04899077942222548
0.013773286115080434
0.07968852809631213
0.011697726893722307
0.042112082670175965
0.023019858407608916
0.05040992658778367
0.02769833577240354
0.015286456731477327
0.017771312182347215
0.012364049645572535
0.02169205279938677
0.039266013305244325
0.02002183833574179
0.009244657079290328
0.025061349579486247
0.13905097918760492
0.02424579916699268
0.022265779693417802
0.02918243413361758
0.0059727510742333435
0.01716822408447697
0.03048461033405104
0.007189856576245622
0.015474304845730646
0.004780449332571348
0.020455982741677516
0.02107472360519662
0.19281441366399424
0.05177627972792156
0.20308446583857767
0.018715061764741206
0.0312166759077558
0.010930597541695099
0.022648443281505948
0.01599628255776277
0.16774539641922176
0.03271999460310184
0.0712016066397135
0.015014906239582213
0.007802211383666623
0.1234145238887881
0.08305615836153363
0.03212356660580794
0.04397807590395321
0.01772863269111127
0.01628359596485538
0.014334059612297452
0.019754122970144797
0.016696499479313082
0.03147922772513846
0.017323326575166095
0.09982381682442856
0.014375417482875814
0.008481152643076757
0.19916161386329706
0.01019352003662774
0.1461835657861107
0.0062473435636974
0.019732649878108625
0.03141275545750953
0.04865957544702512
0.014902243219211318
0.05156689642524497
0.01873745182940589
0.012182652896419753
0.01866345731546268
0.0726005598741909
0.06453434014112693
0.027149919517698115
0.03306023006748869
0.03393156349208915
0.08048737026456412
0.01697716632568271
0.020424284803770298
0.026275473230943695
0.02798280113143034
0.019006912532045037
0.030467863903360252
0.02951334701095649
0.023120223162764603
0.010824490367682092
0.010237858612577588
0.025191433423093604
0.03510512617233231
0.023496278368005087
0.026680230831321854
0.02705426932886684
0.03983663254238769
0.09671058234161434
0.04308478557448714
0.20146913375771897
0.0514288481411215
0.019414360145182462
0.010123081139499866
0.20247411709624147
0.19887081636677162
0.03331117645709085
0.05035158740231597
0.03424962685125652
0.11344583536939484
0.015600207576320756
0.054410263815215604
0.06670914277499704
0.008673968544801802
0.015076835889830983
0.0292910956613647
0.028084078028146286
0.044833938995297654
0.033950968988240515
0.03159311409388961
0.06387497506196585
0.02733790648431557
0.014765511541869968
0.027402284819900216
0.015133523200424544
0.009680193494705239
0.03674916356665424
0.04498333547964034
0.03306023006748869
0.035287752088812796
0.029575794408924203
0.0347056442250537
0.018280691874607926
0.041128482317617204
0.20646869886332642
0.05714020973709923
0.03859089432900783
0.022246855476689968
0.025092505693319507
0.043972305097826105
0.03385646419317958
0.03217734314918115
0.0381386889742662
0.06556294656722782
0.0541042184084375
0.03332571407578569
0.10673423771562494
0.026989874798045
0.0256660213891664
0.023547439941956527
0.023262550614240356
0.03730235639555093
0.023748382084348603
0.02288011324103645
0.022168922356691455
0.03138768319606796
0.012012671555790395
0.039904332759899075
0.019601596660383608
0.03276506198333681
0.03962497698702636
0.024456011949393536
0.07271755713217651
0.013780555862087603
0.03499090046165977
0.03675499970455121
0.0382648822275986
0.039266013305244325
0.02898943877596326
0.0849750092303638
0.03430298185006268
0.03218729881993186
0.07902548059521494
0.024436688713811012
0.016649897343794913
0.021419401438278453
0.004371871827493892
0.007503589688099797
0.01709710322624517
0.19887081636677162
0.019468686414266235
0.019720102869588953
0.023640274961696472
0.025620042982618454
0.0333562705963566
0.022216843141253644
0.016030625137123555
-0.005867957626172801
-0.007753168568965678
0.1087837507728656
0.19887081636677162
0.1990157788926763
0.04799808480546902
0.01342716411603722
0.03403390580088482
0.0063984619280095245
0.009338763225541877
0.03666467708318937
0.025786905139541398
0.09942674241327633
0.050153023383187445
0.06044613245467724
0.027402284819900216
0.02377280442720573
0.022371429187532984
0.023906493399738035
0.019561287634738904
0.026779106121236417
0.04052684337693844
0.014829141708591669
0.06517980848955832
0.07524248971701541
0.025526024680950835
0.0010183722302172793
0.2029357076384656
0.026473976048541847
0.011050336933823464
0.016099427646413547
0.011792125119138703
0.024274328443850864
0.021241968823517934
0.02225513855504241
0.03559312838598609
0.02871000129403061
0.05883041299522783
0.2014247000583983
0.02439420688754502
0.025497537953258514
0.02466807589463476
0.014850118370814406
0.03353612396993437
0.02716889895998658
0.07321523409355482
0.018279912181917424
0.027598535508021712
0.028549557665374634
0.05810429546491811
0.01621826714947712
0.031042619786990005
0.02276683242666301
0.041950765607647725
0.020058192156126087
0.026171376057582126
0.019658963779074643
0.19887081636677162
0.06173573288030701
0.00798606252773662
0.04260664228969965
0.06920074743492954
0.05156341130646927
0.10960754640203754
0.0173404836405086
0.19872672628558294
0.02335787487132422
0.19887081636677162
0.01613082172124919
0.03626836610304465
0.03619946051662168
0.02794847268287718
0.08480617422843711
0.010010960202569065
0.05326415347194828
0.02051951912448812
0.029331085823037416
0.01646621836179802
0.02362769647947089
0.016488632015552042
0.021869972963115575
0.20247411709624147
0.018682475460548565
0.023166371871582322
0.009236449190644015
0.028897712264046842
0.035339102640096265
0.060753311331105585
0.02983197476739266
0.01428563958461998
0.022216843141253644
0.03545129633006657
-0.004801320570090355
0.026451686115730545
0.02253699437413976
0.03859052750356797
0.013234723309998777
0.018728747049363087
0.02771824811382547
0.16245330548029294
0.01883247007541992
0.046410070818602885
0.027402284819900216
0.02429382615487227
0.05526840457665514
0.011351062199712436
0.007704494155342849
0.022979276614269867
0.0557520551755922
0.20247411709624147
0.04468182414667907
0.1985721686210412
0.033987574712664954
0.029631149973911374
0.011548920520464304
0.03674916356665424
0.04140236862129316
0.08467304649815166
0.08048737026456412
0.02994475102302941
0.03503910469991699
0.07721125938448653
0.043275181489195236
0.012080339298282637
0.01420133631483235
0.01622593248623827
0.013737802621969289
0.01769400436459257
0.014987743977043194
0.013912498750813782
0.03533610781182531
0.055989745250300454
0.043346391906011215
0.012501790747298028
0.019133740052637953
0.014274479880104541
0.04045309129471672
0.02665407097370781
0.05154870596370887
0.021664825590974116
0.02844516879640054
0.028783426659528717
0.028775100298236444
0.031012374817462194
0.0489151050163464
0.056245378486187256
0.01875261016632305
0.19118510496825397
0.014770371682459153
0.018672125086434642
0.03197474140958719
0.015951526077494373
0.007735859035291559
0.028170688739555964
0.012044894692393008
0.014141475412964462
0.03430298185006268
0.03430298185006268
0.01873745182940589
0.023927340657741436
0.015968600664714408
0.01995399814993095
0.20903509561437814
0.0359009887165911
0.021435844975033758
0.09892302099307813
0.02049121669772362
0.02196255050048031
0.09544536470313045
0.03455958618409428
0.007734363498254775
0.02696744221439054
0.02531797499324135
0.03340126010469687
0.018685954209892164
0.025839298613447872
0.08242396282827064
0.007729719378876523
0.005004747101652732
0.12803637489100972
0.01029993733802578
0.08493709579759452
0.022973414438658413
0.10831475987595973
0.02473983643109956
0.20247411709624147
0.06359377685611455
0.09100449051803364
0.0387006062503232
0.016284581100786726
0.01767823175744709
0.021454329901467416
0.05241589995190593
0.029227976697311177
0.02716889895998658
0.029753734645729377
0.07300023707581167
0.019805682703075585
0.030825624484989822
0.021967282179668826
0.0387006062503232
0.014398041389599301
0.02128275745798657
0.20263547018005962
0.008403174526046695
0.05947553972770029
0.036192422674707236
0.03898287355542575
0.022347109464512148
0.03365318356994054
0.02060339857753749
0.029622622482875158
0.04058697648789669
0.05245530671406196
0.031123731733711083
0.052142635413142235
0.19916161386329706
0.013063602867771123
0.02324642998087023
0.03851994863009224
0.015016985805392982
0.036570093332024725
0.05840985336186782
0.19887081636677162
0.017101113094584324
0.031457692087225785
0.021673733464533898
0.016720504701035335
0.03134438068514534
0.07579683897633765
0.05524309162552205
0.03147922772513846
0.028122866536532544
0.02661290473496702
0.07656672299602359
0.03247076634390097
0.04199167620083609
0.0181119823548549
0.0849750092303638
0.035399321666247346
0.025924617168676643
0.014352151986105295
0.04441025604734614
0.02714838385593718
0.05205871473235184
0.009291211368243811
0.013600541484484571
0.03460999930664953
0.02421297184617099
0.02821909976512412
0.026709895197059307
0.018350031322534776
0.015600207576320756
0.0291146872879122
0.00382496877229091
0.025967101042447358
0.016771613656968318
0.0007881625773657891
0.20247411709624147
0.03365318356994054
0.037859039003311744
0.018996649111655026
0.05098350209521854
0.032014367042596366
0.05293938043203097
0.03538139059003783
0.01885387342070044
0.03841921138993668
0.012062373630737516
0.0299663677241494
0.03944654809573623
0.013467946592779653
0.029608005725273414
0.03381325218980193
0.016664868696299465
0.02675780658207983
0.02202575110156884
0.19887081636677162
0.029102039268721683
0.03516129372635676
0.013176206168380767
0.02694352134773779
0.029331085823037416
0.03847030713715355
0.023122072361447005
0.023525593356474823
0.036233482498849376
0.014075591913497082
0.20247411709624147
0.033950968988240515
0.012819599300641173
0.013973317344696291
0.013622060626581792
0.2043814118390459
0.032711454051223054
0.03408827999923817
0.016493221209223953
0.019809764567414834
0.19625777791984497
0.11107123392682017
0.0408559387282632
-0.002924445595352744
0.19887081636677162
0.0370706047598668
0.045949132641487235
0.028849062759329924
0.01981943236510799
0.021970373918088915
0.00877257555880677
0.05621031148275894
0.010093586666840543
0.01249294555108112
0.029838834704523292
0.0036963729586449307
0.029370890742833708
0.018121041221887547
0.0173660165738396
0.05656180629698532
0.04502569417803711
0.07576131393426591
0.016062943353941924
0.03565324724545324
0.19887081636677162
0.005428847175891486
0.10980469825457288
0.03551552327468534
0.028697619549714178
0.11107123392682017
0.026655517550512937
0.02520079764914823
0.022986332170602926
0.021649149394998245
0.047457811434246544
0.0387006062503232
0.07161910259717597
0.06535169612090569
0.054683342024912394
0.01757289976238989
0.03898287355542575
0.039540115674476954
0.019360384016488652
0.0010862247017179166
0.0230833915914131
0.19887081636677162
0.028082097396420373
0.017277828072164263
0.0287201615434102
0.021391981211803378
-0.015819306544170866
0.018615685107933874
0.019100076501184927
0.036473875819279945
0.01628255478704687
0.02287094535990183
0.068230827155209
0.04731809913507094
0.017985452778074645
0.025433266332540082
0.020017966264302873
0.027675388320910828
0.08907786243470739
0.09345335225875917
0.030384852924617855
0.07738621489891287
0.026749510990857664
0.09903752000456835
-0.00011306488497230677
0.01581938697745166
0.04632581544393738
0.014217256197046592
0.04149093996512216
0.03060950162770567
0.01628359596485538
0.015600207576320756
0.02311136912899189
0.02631937824202852
0.03636701853682187
0.05705857869736165
0.014103647058250221
0.026733354369386744
0.09982381682442856
0.029118668057707055
0.20247411709624147
0.038283540635740035
0.02673166571919837
0.08620855494068164
0.01683277336760516
0.0381386889742662
0.032795989820666414
0.05700867272646323
0.02716889895998658
0.05150042373534551
0.022509291416851783
0.03704663490019544
0.08141348209886791
0.030346133723166732
0.020139687177927013
0.0387006062503232
0.03365318356994054
0.19887081636677162
0.01985575794251877
0.05903506771305783
0.0020342183644161543
0.08352327650842636
0.012413306090021468
0.02105808508555959
0.034277108276836214
0.028940788411051063
0.058400281815404145
0.20903509561437814
0.030435125319898906
0.1987777357102884
0.20308446583857767
0.03130230823331789
0.03338265738982972
0.12385990589523345
0.03217734314918115
0.014715281234485036
0.03136707968930914
0.01746291595247474
0.01823604569339512
0.0057939854352292985
0.03849579388742097
0.03484779584175378
0.031150888014076308
0.024528987500601986
0.019918474917687674
0.011993945364974348
0.060160433528798005
0.031205634561584768
0.03430298185006268
0.10615174518571918
0.0292146988655653
0.011604438376790184
0.014508584588737355
0.02680050758514458
-0.005468314872383452
0.026988617070676155
0.040653330421712236
0.0381386889742662
0.025914172721652275
0.06428890588731448
0.009808072863754992
0.03159311409388961
0.03365318356994054
0.030723313846322535
-0.007035866589745379
0.19625777791984497
0.02103651723461753
0.0387006062503232
0.19887081636677162
0.060160433528798005
0.024154221004677304
0.03253443667404689
0.05222312124473122
0.04875987132802408
0.19887081636677162
0.0204715014425315
0.03424962685125652
0.0586831683810855
0.026451084666032233
0.19887081636677162
0.19916161386329706
0.028429648658476123
0.01593730716144374
0.012126683753764477
0.012534385560894895
0.017071437656750482
0.012938901274274717
0.021869972963115575
0.1237834944490358
0.1990157788926763
0.0849750092303638
0.03661908030378956
0.013627336345320824
0.0248830248202319
0.025123643705183718
0.022277646385190433
0.0055135984282176954
0.03017987324728546
0.027636543124529886
0.1987353857964085
0.04458975289163232
0.06302209037610668
0.2047528697883729
0.19887081636677162
0.014320593748320027
0.02354314970477312
0.009600443549329166
0.020692605369850292
0.0387006062503232
0.03898287355542575
0.013652951072486527
0.030707783099265962
0.016678065386714916
0.03841921138993668
0.023376627478557763
0.010029734573682433
0.10673423771562494
0.029516037428287317
0.0373414310040663
0.03841921138993668
0.044588625285034746
0.07720701969277217
0.01089729393703692
0.02672474114326301
0.027636543124529886
0.06979353994116741
0.044384531789446714
0.019465291303006137
0.014337812956050983
0.02594276137850108
0.03188479239917737
0.1237834944490358
0.03702532375874457
0.03306023006748869
0.0050289912716513716
0.19887081636677162
0.018615685107933874
0.029316680389808714
0.012441306458176836
0.026551822913417338
0.0347568313257779
0.026375480678574433
0.04403414398468242
0.030329797559817566
0.19887081636677162
0.023986054605250474
0.03129455668982573
0.021942367378657686
0.0387006062503232
0.02980527985785647
0.04257289710890051
0.09544536470313045
0.19887081636677162
0.028182650364304528
0.029321189763647573
0.02787167387387559
0.04277940787282776
0.003671536068207304
0.003622308043032773
0.011747667051954985
0.01001725921715177
0.029305855369977648
0.20065136617171792
0.026501014606770887
0.20247411709624147
0.009085698771506258
0.024298653905247956
0.02047068411613903
0.028125318713366897
0.029608005725273414
0.0550819756512743
0.022558551668440195
0.00814175581642275
0.012971726163771999
0.02716889895998658
0.029878381313675276
0.0308582964691081
0.20247411709624147
0.045120170690564385
0.04066745878657097
0.039802139337371416
0.02403345088015977
0.021258537142487682
0.023530936446564385
0.19887081636677162
0.031042619786990005
0.030620183971751494
0.015743804089595387
0.027636543124529886
0.025537036351385062
0.020900967942581422
0.00891234643770621
0.06501672122533009
0.0020508425177948528
0.03353612396993437
0.20263547018005962
0.049828101169908406
0.19156021071441026
0.019024986142346188
0.012443585670808013
0.021331956100971196
0.04228919849010472
0.014222781423081563
0.02917401151907008
0.012012361295386402
0.09205082784276251
0.04955482077228669
0.03017987324728546
0.021401047976517124
0.06125355480401159
0.04808845115447203
0.009436897682384711
0.016813757340768516
0.02606083727101165
0.01521049872847794
0.04303758512137179
0.018652276428713418
0.016217682641519803
0.01705603639035509
0.01836604904494439
0.025617063789219102
0.03898287355542575
0.028275683596537954
0.1987353857964085
0.0516208058002366
0.11305322312288978
0.026272456354141695
0.068834443982736
0.20082694503196782
0.05801414627400914
0.033340961438565124
0.032243277692673745
0.031105200282183054
0.01338483905213636
0.024752369220894542
0.026488987568369878
0.20247411709624147
0.023490176479092108
0.0760440763366686
0.025973777600318985
0.0231593275742856
0.0648165536748932
0.03730235639555093
0.03403693569852823
0.04582934685449985
0.05396388006244389
0.021210406476659574
0.026473976048541847
0.011255138750938073
0.029736685836583517
0.02798423664469972
0.02790176223546297
0.03299840406149399
0.017973467857236816
0.024436319328873343
0.0188472503769075
0.02477534368206967
0.022979388027004673
0.04703121272801632
0.010916195944235024
0.03140917311521422
0.015120303538746372
0.0665784322961264
0.02216776062583194
0.20247411709624147
0.015124009532315505
0.033950968988240515
0.030935837453012288
0.03090089528266917
0.028194997038240202
0.09260184160357526
0.03424962685125652
0.033007648825618824
0.032713892058582814
0.008885064741315677
0.033950968988240515
0.03510048385192075
0.031667884412983925
0.03803712584231475
0.05012747067369508
0.04155366341045455
0.013195498081424069
0.05140055151553585
0.012033804973624013
0.029808522413336137
0.19887081636677162
0.012350972299345848
0.03140917311521422
0.021798328845644973
0.03729147530900153
0.19887081636677162
0.03365318356994054
0.03841921138993668
0.05719544034854479
0.05009014208681047
0.06626824079214413
0.028984358254123724
0.004063976754217824
0.03228201831773182
0.0248830248202319
0.04346191538809188
0.01822291243739648
0.01717569488118887
-0.00048744791071091836
0.036264726085163124
0.026704744574307392
0.031055172204143083
0.0381386889742662
0.02361593115912542
0.037859039003311744
0.1990157788926763
0.03898287355542575
0.01581440467047552
0.0258794706517948
0.031805887663921936
0.026184731117659482
0.05487844734663189
0.027027019086477946
0.025420221453965983
0.043047432303253835
0.03898287355542575
0.20263547018005962
-0.004118516981274023
0.027593688166615622
0.010320255569755701
0.010628618276547711
0.07892534667516218
0.0267112964394953
0.01587932231954412
0.029121070078765483
0.034116526217047964
0.01353753897724434
0.19887081636677162
0.11392914435708001
0.04434119801160412
0.0019294302995321658
0.034070147703890816
0.011871249051166835
0.03276506198333681
0.01081060250628773
0.05210077207484004
0.009441999124188201
0.005447492350482669
0.038478275361167186
0.07931449376050548
0.03136707968930914
0.11432849848044097
0.02751793365049096
0.019249817757461277
0.03480562873498301
0.02087767780480772
0.02784922093593411
0.030648634696361202
0.0333562705963566
0.07044694421073863
0.01922835323621219
0.20247411709624147
0.05899892570608202
0.028911926779209583
0.01649366301219314
0.04357292078174814
0.03039425121513755
0.034344782846923425
0.20247411709624147
0.03424962685125652
0.016647839699266927
0.029804970603979495
0.014795184997391835
0.024539738376273598
0.015437938451323595
0.025817113692632933
0.015637435054519425
0.08086156712906173
0.04193427999711564
0.03346605037265441
0.01759818183106676
0.015149599195930133
0.019996720190017928
0.014371358790829937
0.010967371159789997
0.030135929105231638
0.03300138027552182
0.03424962685125652
-0.012357307381457724
0.04154070661787987
0.036801801149706534
0.04731499018347974
0.03017987324728546
0.03502746177976103
0.015965973288184058
0.19625777791984497
0.060849008181823136
0.0333562705963566
0.011574149423635875
0.031514222898067615
0.026533342341965235
0.20135889261974155
0.11080646715054243
0.026704744574307392
0.02752951458189236
0.018898546739976305
0.0648326964444926
0.029331085823037416
0.02311714152798241
0.014748956998486669
0.0003850178518488706
0.04583798315414805
0.024882845769736643
0.032822772848568355
0.012423016608015789
0.037859039003311744
0.020834597096997563
0.019519448781872527
0.030723313846322535
0.01303430607933789
0.0690300119722474
0.020596284750513866
0.014430247233234064
0.019180242771317926
0.0387006062503232
0.044384531789446714
0.03236256790974413
0.023380167344234613
0.20302379735260406
0.02816102511828699
0.012483839445209283
0.01981943236510799
0.03126048753370622
0.021098251081764365
0.03424962685125652
0.020842742471067915
0.03365318356994054
0.013899403510133239
0.03376898280491868
0.002553806760115865
0.03730235639555093
0.03841921138993668
0.04247509199080197
0.19887081636677162
0.025872666630552064
0.017278968977730787
0.1990157788926763
0.021718369594364482
0.03538144927694306
0.07614258130538781
0.0118530816944503
0.027402284819900216
0.04728176747064765
0.05158812550785685
0.20527138566567538
0.011803738082281745
0.016366053225187558
0.016032591924200968
0.012955809621623984
0.04295408429962977
0.03458997210124706
0.011850134250849676
0.012157104798735982
0.05607181058440315
0.04350358318870989
0.024345478752982055
0.015478836007994108
0.030555289292864628
0.013670697912870407
0.01584847633312669
0.038233189252267444
0.030814371167348586
0.05131879495860486
0.2011288754796585
0.0465942038301915
0.03599078405230407
0.16324464314977163
0.014304033074725497
0.03344409940184279
0.026619086414835687
0.027399337617889024
0.02238052139566793
0.017105397164365915
0.0497856859266443
0.015256298984333339
0.03306023006748869
0.026802571898831215
0.04135518212354174
0.0682939240689838
0.040113387823765764
0.025489974728312027
0.06183166108050017
0.011666655322975592
0.015030550170431256
0.2023134320726075
0.0640289524344852
0.028107677067937323
0.022133099901853675
0.03424962685125652
0.07282811779536152
0.20263547018005962
0.006618705824105793
0.08229122923754797
0.03424962685125652
0.02311714152798241
0.008529974557042734
0.01436272799924046
0.01767878803505346
0.056285286004931295
0.013445363501857696
0.02143009141281313
0.015454388337295653
0.03542545464120107
0.05538011911694522
0.030546825036751758
0.01428440457970067
0.03619946051662168
0.19887081636677162
0.03722706016831732
0.017486427418322164
0.03961200679050371
0.015976866248711676
0.009175850306866826
0.07103084150280048
0.004335897614905725
0.009591039921686507
0.014984253162215536
0.02459318424840277
0.031042619786990005
0.03397773122131122
0.015445204074538234
0.030825624484989822
0.01696155215804345
0.07263384634984343
0.1279172055591574
0.04220859324516764
0.014689832436845587
0.01692790679155793
0.03732235089212925
0.044471965674328845
0.019640750392492683
0.08207854150553578
0.03424962685125652
0.017072493657347317
0.052133745736327466
0.018697615614740787
0.025258010411016923
0.004231160814950046
0.02255794339410154
0.018297164445644387
0.0387006062503232
0.029613274991326773
0.0387006062503232
0.048749217165135174
0.0750713192740505
0.02711952492908902
0.030026681865721088
0.0515572811390091
0.02212167831831591
0.014574320304087965
0.009545754519579917
0.03730235639555093
0.011627056323896521
0.20496941451749437
0.021791687199268564
0.04508838122152427
0.028683154188160982
0.09748182013767026
0.026016159980230734
0.025222377074239972
0.04038617457002937
0.04443045272938043
0.023777579017759565
0.051720114618947655
0.19957323058262832
0.0381386889742662
0.19887081636677162
0.03401048659871627
0.01847912655836156
0.016054056635901308
0.015221872307554646
0.20496941451749437
0.008641465217695356
0.014176915302792834
0.034035546105132666
0.014751523985452049
0.15969979210169136
0.016887759965998724
0.01905151177710193
0.06874609096006656
0.015094957308610196
0.0333562705963566
0.018245675224968262
0.19887081636677162
0.056601584071909766
0.028897757250688626
0.0345415438719257
0.060815386802307
-0.00341411283344481
0.010974748584591482
0.049128805691575794
0.034261726721971725
0.040749163467816235
0.03248173166454469
0.06905198549923908
0.03802262554879822
0.1091527910271188
0.026179503532914115
0.03208234734079549
0.10254936304501334
0.012835188615016101
0.02791921581139372
0.031291704150348355
0.023525593356474823
0.03636638622030049
0.03424962685125652
0.03008869759782594
0.014255414885532044
0.0156521017520598
0.036273820612807116
0.030245958164330032
0.025398998323028568
0.030723313846322535
0.02510343579062794
0.03013120838949325
0.011729297208818244
0.016216160954462447
0.02118689820947083
0.04616978418821609
0.021237288071312845
0.01450200524990607
0.19887081636677162
0.02993544674901801
0.017277828072164263
0.017018595054993764
0.07711089267812474
0.0008919276948104876
0.027636543124529886
0.01510268743871944
0.1987353857964085
0.03357463073301529
0.030845600773542405
0.028493014310569876
0.02751793365049096
0.0333562705963566
0.09544536470313045
0.07499608651851403
0.02787167387387559
0.017323326575166095
0.01503476699946623
0.008767571583550293
0.05162971592020173
0.027222225686967548
0.0648165536748932
0.024705131284461803
0.0888392844619376
0.020403618129100555
0.016948229337058942
0.019762965801482547
0.02716889895998658
0.03403916383812308
0.060160433528798005
0.03565324724545324
0.02523257074468047
0.13386375062000289
0.011780200271066535
0.19887081636677162
0.015723178772608593
0.07831624817695754
0.029175487376680517
0.022743867929842527
0.035226333919565096
0.03898287355542575
0.02311714152798241
0.025703145889066574
0.05607181058440315
0.02791933102351133
0.057849071694149067
0.03039425121513755
0.018008056683472606
0.01742903836353179
0.012095598564299086
0.01336842255349932
0.028339608580440795
0.03890133967601022
0.03592591765867944
0.024615902310357426
0.00437094070654348
-0.0006530638011108814
0.049303483269033097
0.02923480899124725
0.025931722176781587
0.03702532375874457
0.018867905629301927
0.010975549687468923
0.03911277858550813
0.031210392493556297
0.03185445193496586
0.087936464937872
0.19887081636677162
0.043275181489195236
0.024004492248204695
0.0323666330594619
0.044229827665284216
0.035140439003122206
0.020760869819743608
0.06593296823965573
0.1398161641278219
0.031137966135431308
0.014946072222469253
0.05325345639879934
0.020303605332538582
0.018615685107933874
0.042187898924570096
0.01978013669159878
0.03365318356994054
0.022047233297662987
0.018363529348310068
0.15457026451490138
0.027524513315877533
0.02698387423166891
0.057900829382665685
0.012073290603141624
0.03538144927694306
0.031447221726086355
0.03681043740453316
0.014149388473830148
0.012222488779761537
0.037859039003311744
0.022461139374609387
0.016653185673004035
0.010660337839730583
0.0219496241236418
0.023926463573516025
0.08670984063002272
0.021414859848992582
0.022422588335444596
0.19872672628558294
0.023759803109752863
0.034549157158988555
0.07444312983374984
0.03511052375314892
0.01593942262276969
0.012544581620248522
0.07269765931231498
0.03630579294572119
0.04648779047109512
0.016392410912276653
0.02591954948558113
0.018716361540570145
0.043869977729828126
0.0432739568888028
0.011070039824505794
0.010389647287320905
0.022729522164649664
0.016353843334828602
0.011168789526079366
0.03565324724545324
0.03730235639555093
0.027343154008664036
0.005467070235823358
0.02468494734214785
0.12370795544755421
0.19887081636677162
0.1398161641278219
0.020423079645412952
0.016536695587640447
0.03758999690037027
0.027024478088960205
0.013434679367608067
0.01435594555352361
0.013196562152558329
0.015894162723351632
0.039369905400442086
0.008421013172379109
0.14606954182782902
0.055032151659408945
0.020371734703263766
0.1034585815104851
0.11465611257771119
0.026239894858309205
0.05107156593668078
0.019414836625017175
0.022303077630616175
0.031959188398812476
0.016525446310607338
0.03353526850265766
0.019565969295789375
0.032786408339402585
0.037859039003311744
0.0394401066104621
0.013709397992291893
0.06959840617129961
0.0688253467450843
0.05184432903640236
0.030723313846322535
0.058357276443684554
0.03365318356994054
0.01639639610845331
0.021565188157287894
0.030825624484989822
0.04584401277908724
0.20263547018005962
0.014998070520287479
0.04057027179524048
0.009597022919000435
0.02910654766012149
0.008415623411903835
0.011138405280720111
0.01734227957582247
0.028649771509102313
0.04004259611727136
0.04098227354609631
0.03660860975015316
0.023986054605250474
0.03758026147707332
0.030030975338227447
0.011109647268024995
0.02641686988957443
0.050225558918490884
0.10644769183978413
0.015603365295496888
0.00781708803176781
0.07006523364512282
0.12803637489100972
0.03059950028924461
0.02737663534243831
0.030046589855485223
0.018714872255670454
0.021165007672401006
0.0047164001016523766
0.008344649667523046
0.02660346392281159
0.07002422634161837
0.029753734645729377
0.012041619954656399
0.01743236119836007
0.20247411709624147
0.02212162807254212
0.019928146319073893
0.01384335407303567
0.026838533676004764
0.03017987324728546
-0.007508969993366477
0.0381386889742662
0.010819775540669256
0.06275757239392243
0.027402284819900216
0.03692625829817501
0.019188555250024174
0.19887081636677162
0.02256458576410774
0.02743170521642159
0.004615320067151554
0.033950968988240515
0.033801096715623806
0.019208361380579353
0.04399084223667823
0.02567597168670259
0.02028164340447319
0.01554227350085026
0.19937125231193717
0.01728880187233292
0.07407816145146243
0.03757153326675288
0.024200286832502825
0.0009616813945474215
0.032974527572572916
0.022037452065981046
0.06747641100093991
0.08268571598530947
0.031233263453331064
0.02244770510966074
0.056264897441499026
0.019131296588321564
0.020752244356671206
0.06485013685939085
0.018280691874607926
0.01704707002765076
0.014075591913497082
0.043275181489195236
0.032813699972391
0.19916161386329706
0.026451084666032233
0.03898287355542575
0.047711659051128195
0.04215045084142317
0.06989699922074666
0.025559626392639978
0.0315968630509292
0.03129644210491227
0.03759542511427543
0.030216993328081684
0.01980707323332383
0.03758026147707332
0.008306029465805068
0.060160433528798005
0.012984916960476298
0.0409217446031654
0.05227498114529842
0.0964382031272753
0.02731389852827067
0.08703120691191205
0.02159950362150822
0.02474847864462469
0.014793740776360195
0.020409851029391284
0.03126048753370622
0.01576530971513978
0.016390037627005617
0.033604865463451726
0.011384019506171503
0.0849750092303638
0.024198808127054452
0.022140577908150667
0.007659547435383222
0.19887081636677162
0.033950968988240515
0.01723204391957267
0.021458094491813906
0.02192609616657672
0.05176904226522282
0.02478323278738525
0.012521308610575876
0.010189576180389449
-0.006292493778784838
0.024634554761660994
0.022463905477396136
-0.006500213017732001
0.023592921280936232
0.03565324724545324
0.019838830506174337
0.011464852132852758
0.19887081636677162
0.029674643030908537
0.01852089669428824
0.014053480763842142
0.017640131053046352
0.02447116936305036
0.052543791183195604
0.02779499827900962
0.057862948682435765
0.037859039003311744
0.015781554082746417
0.0045850312556030975
0.0505258925792058
0.034165173089621484
0.032689665270326115
0.12348657311140558
0.1031678886530078
0.19625777791984497
0.01558594505310559
0.030504829539368682
0.03085929238746249
0.007711624864920212
0.07697698963173719
0.09544536470313045
0.05656180629698532
0.009279505355035241
0.03709702134342898
0.015220082509794779
0.012207575304392433
0.013914402093918261
0.06125420192153705
0.03346532022146717
0.06653215791593202
0.025947448911987928
0.006073709900653982
0.03320143526166288
0.015471053847682978
0.02204630822822555
0.028596958694654194
0.02617873871684008
0.039337955759095794
0.1992437943168248
0.031092873685444514
0.19960435344345545
0.03228215355061742
0.01245127453503133
0.0849750092303638
0.0637812399921783
0.01875742843574761
0.027636543124529886
0.009065862166091697
0.030001856523304633
0.020836133988918537
0.07132256339444201
0.004238409815953491
0.04850788164393531
0.07099446467757294
0.03732207891294269
0.019614044207310315
0.06270941472715183
0.05618902810088075
0.006624284010917768
0.020288455804291866
0.02522880178383065
0.19625777791984497
0.0762576824921746
0.022042123844754707
0.014158013543603562
0.0541042184084375
0.018231546706020695
0.0580112895938
0.08202272359433291
0.03652294360471528
0.03150835711480697
0.13995416382409093
0.03276506198333681
0.06229397520165331
0.022955252376813284
0.012599428247045397
0.03552141044573398
0.02094374756678077
0.02043884214696884
0.008444833556434175
0.03162976004256201
0.053128840564586444
0.049673323844431266
0.019466310168197984
0.009287801545115736
0.005731049207979268
0.04254731892084797
0.029768457195637005
0.026427598875465197
0.0381386889742662
0.023521861419667882
0.03376898280491868
0.027890639332130842
0.031042619786990005
0.0636094114627506
0.033950968988240515
0.03020736448458399
0.029527101480439417
0.03350329194942073
0.015854025676547756
0.19887081636677162
0.017660885462985283
0.0917678635929206
0.03424962685125652
0.025318721283826916
0.201392349406002
0.027789817106805923
0.20247411709624147
0.03363460396578276
0.0040045493441980065
0.009700939717905518
0.03306023006748869
0.06295355294180927
0.021908287766250693
0.02200381129122934
0.023354347881726387
0.008226757539842658
0.028107677067937323
0.024082804677721326
0.010951745130625454
0.01655301210921255
0.0722080882889828
0.03414713147179371
0.03266086018056314
0.01313669960154757
0.022909105895095924
-0.0015041284660928939
0.02686847824303228
0.1992437943168248
0.19916161386329706
0.02721576542092758
0.09544536470313045
0.019468122657075804
0.029337478547818274
0.026618533511320326
0.02709897535149269
0.016554231334537987
0.030825624484989822
0.1987353857964085
0.01536299681236487
0.03841921138993668
0.02993544674901801
0.013619162608633415
0.19625777791984497
0.05877762560552566
0.015274551139195434
0.033502596817829244
0.016088447791041845
0.12385990589523345
0.046679907308020865
0.03502912863613427
0.04425808098360737
0.015832537374049535
0.021608580085829984
0.025630541684129832
0.023160971971813576
0.021725025654992375
0.02660346392281159
0.014994786452877319
0.026277261154181233
0.018207445281513156
0.0157927106814764
0.03424962685125652
0.030843855565958568
0.1710736975126682
0.031042619786990005
0.029331085823037416
0.025642253218421757
0.02975840376962359
0.011500420134337226
0.025047915373101106
0.019466310168197984
0.015030279767610354
0.0387006062503232
0.01856080791261863
0.015066828284004685
0.027218482507642854
0.036348345629773855
0.03906644613176317
0.06060383726565351
0.14955777826331187
0.04367557214450324
0.012482704586327296
0.04598147866427725
0.017112076133211925
0.03971118663958038
0.015395716683043955
0.015424080934659398
0.033529829010772234
0.03290096910853293
0.029370890742833708
0.012411048357355119
0.03170274705084642
0.022742126584209654
0.015489716703584282
0.01556009324167518
0.02049121669772362
0.02452663949649615
0.02887004459689889
0.028183305567683038
0.027173727607490202
0.012976696328085492
-0.0022631334676647963
0.027388444832279188
0.01676595995737
0.09508971358638008
0.020639273987852803
0.024298653905247956
0.12370795544755421
0.02870365592436971
0.03017987324728546
0.20247411709624147
0.023972745961861292
0.0308582964691081
0.004889529128253321
0.052469985017532805
0.03130230823331789
0.03424962685125652
0.044489628272448775
0.028129918634297788
0.0035648879671911216
0.0387006062503232
0.027880688594307645
0.024692226011392017
0.08626271577723728
0.0032221085963271973
0.0541042184084375
0.03144600034231573
0.030825624484989822
0.026073644811268344
0.030089675916994067
0.03188479239917737
0.03695778033426671
0.02601505633115885
0.022900255231928103
0.09982381682442856
0.02041221522410848
0.052334774724616444
0.030147809238191305
0.20247411709624147
0.03424962685125652
0.030268961075804214
0.1987353857964085
0.19887081636677162
0.016216160954462447
0.012713818446309963
0.02087824098524215
0.01347241550087257
0.023398732342215338
0.03182498455000632
0.03565324724545324
0.020685474986249657
0.006987049050297279
0.06340341127434965
0.017592744352903318
0.02052030975476844
0.02735998503956607
0.020737148705480057
0.026179503532914115
0.03498608430748521
0.030723313846322535
0.024436319328873343
0.0387006062503232
0.07205283211813852
0.19887081636677162
0.038427035382477215
0.013533653146169448
0.044755417345066405
0.03034795807572871
0.028751045873090113
0.05646329501326082
0.0387006062503232
0.023681849240969062
0.03281437010257175
0.012849290311402584
0.03424962685125652
0.013148634318906616
0.016740192927377953
0.01646126593698506
0.19887081636677162
0.20247411709624147
0.0069129638357199735
0.015308646222106197
0.032820562654415714
0.03431885337521653
0.01215991529960217
0.023166860704602638
0.011037414998434334
0.012425828557152734
0.03937436655828586
0.009269004667989543
0.030147809238191305
0.023866548486190586
-0.0018735534392360365
0.0192651677328081
0.08522309015600407
0.020835625549974278
0.005970916575062612
0.014422611136671225
0.02788787754873147
0.024352920880093564
0.09907234835197977
0.02109447184029989
0.02376959151407814
0.14003197782240623
0.01329829313177841
0.032187924342671426
0.03167574146999052
0.027636543124529886
0.02088852994238781
0.20263547018005962
0.030473688278447122
0.01891509147760897
0.01780479282595394
0.029121070078765483
0.1505155791107805
0.2052233111147163
0.01386633436125639
0.04348480154964197
0.03610207584874137
0.03017987324728546
0.09986368222101985
0.00754245321450165
0.03638718545944178
0.19887081636677162
0.04218395376878549
0.12597637724745392
0.019500049997004998
0.007784871918335965
0.0853164249790345
0.05368560113070999
0.0155617067310427
0.04363134920447437
0.02586729545631795
0.010264843662275293
0.0341237985248472
0.033950968988240515
0.05152854521964485
0.013279281569646705
0.09408840897352638
0.03702650449442661
0.018779003618528863
0.02751793365049096
0.012879237697082546
0.201392349406002
0.016891638807841662
0.0375997758819104
0.06388741416256416
0.02103537353727269
0.02787167387387559
0.023610188008861877
0.01709006454664621
0.004860417682344187
0.0316768745918864
0.03702532375874457
0.03396143612811611
0.018556961902028497
0.01611030557591806
0.06556294656722782
0.19887081636677162
0.00745742579233195
0.01470879173258417
0.15457026451490138
0.0538532320173327
0.044732317830051035
0.014610410566718003
0.011304363576524444
0.009314445150501643
0.07470976598783333
0.024322324178463986
0.02371167135011934
0.06039400044932184
0.026451686115730545
0.11242038854267157
0.19940807622736853
0.01433393947209756
0.014804012556590196
0.016575205842995377
0.03430298185006268
0.016856584126261027
0.020974783490833107
0.049673323844431266
0.027027934219046368
0.19887081636677162
0.036473875819279945
0.05454414408795315
0.03652946015926344
0.022169325224484168
0.021638456965478614
0.19625777791984497
0.02473952206789881
0.05651497399849813
0.05428248931174798
0.035226333919565096
0.03678352099440429
0.03702532375874457
0.028380513150296733
0.03707415493316644
0.01742510685911591
0.03704484348785886
0.028480295689905587
0.034549157158988555
0.023282755659530713
0.0485009714312956
0.038447856899200016
0.0151418606857582
0.17070297387103564
0.017684368024935643
0.029434526010981468
0.022039084772572673
0.19887081636677162
0.022424736387846388
-0.004200832149565736
0.04856644639357255
0.021955141174418324
0.014004472405904429
0.027228759044854195
0.05902264002338099
0.017943886966297458
0.00801000154367039
0.19887081636677162
0.003968741383153642
0.02363612580771867
0.0847284423723807
0.1987353857964085
0.03544149983014804
0.031042619786990005
0.03124015292069584
0.04079035058380895
0.020366669881815243
0.037859039003311744
0.04871955740177602
0.02693638554478897
-0.001584714565885638
0.033950968988240515
0.029516037428287317
0.02666893183535272
0.03248113981481622
0.03582162075414549
0.014376539343752395
0.030859462600465258
0.030312063846828868
0.03038305237129571
0.02298431815618559
0.201392349406002
0.2029357076384656
0.0665305633365488
0.02284337462648446
0.009397380586776555
0.03181887758612106
0.040089592203482266
0.1330401350346888
0.026704744574307392
0.03424962685125652
0.05946374298558785
0.024578802457561066
0.031042619786990005
0.1193961737399148
0.20247411709624147
0.009343603436028431
0.0525118061996913
0.014250215020222928
0.05233650768272302
0.023837160937799043
0.09499911861823784
0.017968869678005532
0.026686845726088818
0.00334974722032004
0.03758026147707332
0.00688536124865903
0.037859039003311744
0.01858006802348665
0.029007269358521225
0.022552250954959933
0.011903947589060118
0.20247411709624147
0.03461608069535184
0.020357342614869475
0.007413616367304695
0.017680286867315056
0.0329290405747617
0.03613277206648366
0.07863319176232562
0.01339696287572071
0.03317577050365856
0.03758026147707332
0.03111101437782226
0.03365318356994054
0.02453479399606434
0.029082082855722235
0.01721768544804979
0.2012985683963307
0.04132255918016601
0.20247411709624147
0.017343596284667535
0.027675388320910828
0.03461608069535184
0.040383453048705206
0.05341789850221901
0.024571398453822096
0.026886178434732736
0.019293420174673885
0.02271741086157747
0.018339800777922313
0.03164014590870317
0.017216328127654917
0.02068452056329089
0.033031327202756214
0.051578127367770094
0.041357985192483966
0.03730235639555093
0.03569439555965649
0.03130230823331789
0.03852268659366217
0.033950968988240515
0.014677635026831528
0.033950968988240515
0.0038179387126645696
0.01791750659572604
0.019640750392492683
0.20302379735260406
0.05157839487475199
0.017578390465715736
0.03809280497536541
0.03898287355542575
0.006448925968210763
0.005547303038975462
0.20268622739135161
0.015466507750335635
0.024957368223081665
0.038114352102147295
0.029575794408924203
0.021184958022301203
0.021178849940987534
0.007247537179911501
0.013703497409865283
0.0541042184084375
0.0472592989506964
0.02693638554478897
0.03246978123165129
0.03276506198333681
0.015071396882364488
0.03538144927694306
0.015009556384059403
0.016455964193304803
0.08338701203980253
0.019584052075708548
0.02816043836694717
0.019312512994552167
0.04359829292061297
0.008793588659612949
0.022013730845487658
0.03273880465053675
0.005518256420357536
0.018811997076842016
0.0333562705963566
0.017639639976798686
0.030825624484989822
0.014713408812855745
0.017617502854498465
0.032290419603190776
0.019956607068529992
0.19887081636677162
0.03730235639555093
0.014320408310039907
0.03600165358128045
0.03758026147707332
0.02212964539535872
0.028979976432279987
0.05241589995190593
0.02060339857753749
0.04833872163804439
0.021990500713407236
0.011386247737524426
0.07077189305237644
0.019918350454477787
0.033950968988240515
0.19887081636677162
0.015153593539425539
0.018537786395055857
0.0439703449259939
0.03247076634390097
0.03448097178258795
0.1352668372401858
0.20247411709624147
0.09087289343198898
0.023308904423020367
0.0381386889742662
0.21515068966646136
0.02066346362049155
0.008461017529014129
0.025817113692632933
0.05176472831978797
0.03424962685125652
0.01980592625399342
0.09982381682442856
0.02735256871470551
0.031151334262160546
0.037859039003311744
0.00663073937665587
0.09882474293515536
0.013873863826435698
-0.010627503702534943
0.2029357076384656
0.021898941397064768
0.13524862473489363
0.02702193271143713
0.017907392172791883
0.0509433846037743
0.039266013305244325
0.10292694344503167
0.028791583349031685
0.0449478363746259
0.009541560994859751
-0.0029213511558747185
0.012663872393389869
0.02914127523365621
0.03619946051662168
0.018776895612958883
0.20247411709624147
0.016104824115027602
0.023784125335623144
0.013597549499094065
0.022457667535606997
0.03518465698849449
0.03816781354807809
0.03327309857998989
0.01403326257288454
0.201392349406002
0.03130230823331789
0.017278968977730787
0.02014870874316571
0.03293139345013174
0.05065094887327028
0.027636543124529886
0.03483073178620052
0.027090667394677897
0.016752955789139674
0.01436272799924046
0.02143009141281313
0.01964575456550365
0.007477628425881195
0.061888935454756926
0.029804970603979495
0.036473875819279945
0.03702532375874457
0.07606583250151394
0.009748750758012913
0.030473688278447122
0.020894398172081823
0.02530955981167893
0.016669474491685373
0.023471772945539447
0.013441443740573027
0.20247411709624147
0.027813452190773625
0.028238022577383625
0.006496241657447305
-0.04865296364609381
0.05256802673896573
0.030427241255297912
0.020055450482175892
0.06718421424109994
0.024700914262936968
0.015665821663232785
0.20279769570859382
0.06353665558589398
0.02425257543166239
0.034571290039708734
0.04742289488519876
0.19887081636677162
0.04838938017982291
0.1104089990206946
0.004330474784605694
0.019691131834523982
0.08929705901115317
0.023156233298883416
0.019280665125908862
0.19915763130401282
0.05023441280817836
0.023053605905018128
0.04734181441204766
0.02816102511828699
0.20247411709624147
0.024343750848550463
0.042187898924570096
0.024850786859014377
0.030417365403898312
0.02304499605677573
0.19887081636677162
0.023437077122861007
0.030352737223247606
0.01422982905235217
0.07795337255745789
0.03841921138993668
0.039266013305244325
0.010233439494800024
0.062059883641992226
0.19887081636677162
0.014730107291486647
0.012519755732539585
0.009229275201250015
0.009042626363218176
0.043752381868847647
-0.0007042750533710757
0.018789071143642023
0.023354347881726387
0.029405217754571316
0.018691314341403927
0.03893630240746398
0.01609167210628837
0.02716889895998658
0.0954827223698117
0.022277646385190433
0.02126940626164578
0.023539762709112153
0.027663349251161845
0.19887081636677162
0.02125861487366526
0.05754826301853152
0.029308019594980243
-0.008177381703905383
0.034035546105132666
0.038046080580527046
0.012900041067098703
0.005661830128118821
0.02609332634580172
0.021007282566331983
0.016712370084327386
0.03365318356994054
0.20065136617171792
0.02589253989384805
0.029516037428287317
0.01640810713339739
0.03657508985751758
0.07927578408617181
0.04412205415696448
0.013068773380816714
0.018904871242168546
0.054478304513267316
0.02130867185169825
0.20166074468571019
0.0524674394810095
0.03810371845939094
0.026762124023819514
0.09982381682442856
0.04651000814848724
0.029804970603979495
0.04522384735329649
0.10190694668732285
0.02133202067916836
0.02601505633115885
0.004147636943165497
0.008032889001142865
0.02461703724631348
0.0239059563977718
0.028964358462918786
0.02359580688750812
0.025332301921480137
0.03476692911869872
0.05851537145485083
0.01227484379373769
0.0264093224174863
0.04136712878017415
0.029575794408924203
0.030369432128078046
0.02069193276376744
0.01766654549985219
0.0748162813602907
0.017853082901276258
0.04206310338106389
0.011140240206242501
0.012103324618165188
0.030541409038333647
0.14272024235510133
0.0386873970936473
0.03705317861235742
0.0264093224174863
0.012591920714137464
0.010306390908388287
0.018772847810143614
0.03619946051662168
0.020873373556820476
0.035985656608234384
0.053538769336723364
0.20247411709624147
0.03641958008865746
0.04966609073012849
0.01566265587987219
0.025279734427838253
0.0378464728275977
-0.0013858075725472901
0.04645978154595992
0.05658337393370136
0.04344273328858115
0.03424962685125652
0.035429577103642335
0.016151627929637938
0.02304022387870562
0.01506640415580384
0.004760679209507054
0.012123115602178668
0.016195087886639963
0.017476771932535384
0.04244153812963257
0.028938659933968134
0.024021328427487304
0.023729376801249858
0.03923777281861245
0.033950968988240515
0.014770371682459153
0.12363328889078863
0.025806337187616137
0.023083863840518352
0.20247411709624147
0.029608005725273414
0.03841921138993668
0.016332788712510583
0.023877484910876257
0.024379880137615047
0.09544536470313045
0.05333463980390547
0.19887081636677162
0.10994406494730906
0.20527138566567538
0.012697320289147461
0.054070159332970005
0.020261973603963992
0.041015162995262505
0.04423765440625375
0.15051382585507966
0.02609820112415784
0.07194472787666015
0.022015885453878586
0.07365115812406786
0.026998668615511506
0.008318536751163393
0.1994559011386866
0.007756819408215994
0.024339905049088402
0.19396007342346033
0.029753734645729377
0.06417205594078096
0.012934612296527339
0.012878132305604858
0.041791746527556656
0.0188735642543864
0.03898287355542575
0.1990157788926763
0.02268970217033288
0.02133464461304078
0.02356823649996507
0.09982381682442856
0.028345727074694498
0.015291024963039305
0.024221768174466522
0.042528500678790396
0.009462990567634437
0.007998654865470398
0.04147668821984703
0.012262001166378399
0.20263547018005962
0.0712016066397135
0.02095294991002388
0.049635459850383756
0.02234017626519242
0.020734502766010146
0.023208847971828997
0.055875492372966504
0.058089353313170396
0.08135735126677268
0.022039084772572673
0.03903153509065358
0.12137582152918815
0.023868934767562185
0.05230513701610871
0.027549073551618383
0.025786905139541398
0.01855402517181185
0.08846290870202311
-0.0016232710166426412
0.0381386889742662
0.09966933408421524
0.010148440205494148
0.024061831383850565
0.029138468154026494
0.03871390403454157
0.00438056859946007
0.029331085823037416
0.03730235639555093
0.024256151401627655
0.03758026147707332
0.20247411709624147
0.051447791483815605
0.031157259353632883
0.011864622036418707
0.025089655350036152
0.14567967568859952
0.02245717150508723
0.01794921680511452
0.022648443281505948
0.060160433528798005
0.006305743783250682
0.03457938905432405
0.05768445842947967
0.03424962685125652
0.20247411709624147
0.09096447305235349
0.02727018839253949
0.034035546105132666
0.027113603947221187
0.04364901122718409
0.033950968988240515
0.03758026147707332
0.09300515793011085
0.04713099431088817
0.015618395590744516
0.042565994508809386
0.013376279201011445
0.0792332930259681
0.07204062812739655
0.13995416382409093
0.03365318356994054
0.020438148817694856
0.01785368969099788
0.05658337393370136
0.019030413815129377
0.006010070495355381
0.02334783158856272
0.013362619846631292
0.019932634620709905
0.05383737727017439
0.027487030498428135
0.005633092859005505
0.008309443635122184
0.03538144927694306
0.03730235639555093
0.02601505633115885
0.02159050333911918
-0.004703017977179633
0.0648165536748932
0.03219032744197408
0.009539439854795741
0.04471975622923374
0.010105387207961707
0.02672474114326301
0.0258794706517948
0.053236710382714665
0.03638248497705451
0.04608234692716997
0.07995197110748918
0.12947058994824265
0.0340307212863051
0.026709895197059307
0.022244153102709795
0.03060950162770567
0.024186356831124377
0.02378803957973559
0.0945607245357895
0.009467832614518536
0.04448334562315014
0.019126419547788164
0.028683154188160982
0.19887081636677162
0.037859039003311744
0.03384794622958058
0.030093355000909636
0.2011288754796585
0.021235892918096175
0.126552286351655
0.015084370134287504
0.0056241054008667295
0.0035764164303118268
0.037279204895551483
0.01772863269111127
0.013903751760417866
0.013415967811934056
0.0657799233321684
0.027216352620989502
0.048575223745372195
0.19625777791984497
0.022116409731291732
0.027222033998105872
0.20180767697891172
0.05607259077204653
0.03425216630116282
0.0025043997668452375
-0.014087141672850786
0.20247411709624147
0.03238081463097632
0.0381386889742662
0.04921814914848563
0.03306023006748869
0.029370890742833708
0.013785096161998096
0.02520114254585821
0.20247411709624147
0.04374704940252601
0.044357868659661986
0.010959306807193023
0.0387006062503232
0.07595547447557943
0.018441769977889988
0.037974713499353566
0.012836827536105322
0.061621794515625994
0.039266013305244325
0.01359000483976757
0.007104324815852221
0.20247411709624147
0.05265911678794531
0.02023376956760945
0.01978434787966072
0.013345275726611129
0.009707711755398203
0.011172922501790153
0.022756665647783687
0.0314719537717207
0.021023723910681132
0.004723039160836266
0.010016175455000473
0.05303093287856565
0.016967807158529268
0.014413400986682017
0.009761244265832601
0.060418454255830235
0.034035546105132666
0.03846015046041941
0.042769891271498515
0.027399337617889024
0.0387006062503232
0.01847912655836156
0.016638071558076884
0.04064139454118234
0.04154617973355482
0.03017987324728546
0.028596958694654194
0.02710111464787753
0.015953930151851148
0.00023740666175739444
0.009236368451287336
0.016064716354940854
0.07519358192555495
0.015735512267619513
0.006380745616025734
0.007423295135941761
0.023695470264943938
0.02131167429651405
0.02106766366132036
0.02049121669772362
0.022244153102709795
0.04016073960321638
0.20247411709624147
0.019229362324282094
0.023513956692018313
0.20247411709624147
0.017847593979785106
0.02632956150615301
0.03079762822006673
0.19887081636677162
0.02417103467364668
0.02749177540315386
0.003284726344922509
0.03731348571153623
0.018971504889883598
0.08067403247445493
0.023054197250296712
0.022254127942616487
0.03329367067641261
0.05012384751998127
0.03593879629303603
0.005901046422334827
0.02865692514958541
0.19625777791984497
0.029458950831033275
0.02825293396655505
0.015511000197170062
0.06949256874552143
0.1990157788926763
0.03709702134342898
0.07143283251411746
0.04801983546767404
0.03421992526641521
0.023696407023685907
0.0574436823755471
-0.0051699364749520985
0.026795506991978822
0.02927970137737776
0.20268622739135161
0.011347368782977565
0.04119396983289319
0.016935654088413493
0.007241673963788997
0.056214563156354716
0.0300365639700355
0.12370795544755421
0.19887081636677162
0.01750898777414278
0.1990157788926763
0.06459115253630587
0.04883376182793872
0.20279769570859382
0.035378905653011064
0.016569577107172488
0.010867363329646627
0.0179752093076439
0.06090458475912441
0.02147428780265384
0.025857394390301155
0.02967790983468297
0.19887081636677162
0.050825209359472726
0.0387006062503232
0.2031217911130513
0.012397832508252958
0.019268874395127266
0.029548055627721587
0.006274952946333033
0.027024478088960205
0.018280691874607926
0.01996076067612492
0.01761098366403262
0.024622277439379267
0.04412205415696448
0.020768870261629935
0.011386247737524419
