0.040821198495292615
0.017243823372772207
0.035583259571142445
0.025485042070176968
0.0017233736596428788
0.025314426466330683
-0.05606609696545624
0.021056406001441347
-0.01947379794487021
0.008237067404047102
0.060850231843162524
0.03404682065404611
0.08475109327326578
0.19999286492417623
0.013012008100725225
0.0659332643191447
0.029385122065614187
0.025230712231642916
0.026843076397212885
0.031234605301434383
0.03688671997668229
0.09771324570059832
0.020846769232738056
0.030512857613596293
0.014256924201655714
0.030851324684078658
0.06738961870275098
-0.0028941406206461975
0.025989655059990145
0.030872511073446497
0.19476523469828227
0.03879618513370854
0.023931396976600485
0.02822275424174138
0.030497222048546883
0.01444726622847333
0.12556430229478902
0.20235055528715418
0.014195677409490945
0.02893271517663492
0.03552394583785336
0.0480949655991114
0.06445076348469479
0.03458588189746233
0.01852042533063795
0.08929130848335906
0.007533591390453214
0.07837073466593675
0.009833171344563539
0.023359439465273097
0.052179460387429724
0.025118995910808274
0.036629765121295114
0.03221403941615806
0.11255524081407653
0.03600441366963068
0.017797529523669614
0.19600793920599546
0.02413623007676993
0.19831107837500322
0.20233872153734495
-0.0033877700541700556
0.05738460500639653
0.03585736853251664
0.047020852108295125
0.03449921879222239
0.00014812923988700294
0.03402648732490321
0.20120751354967664
0.021828042036215967
0.025370799459417028
0.04173638670918524
0.032800858473272
0.029841715432920253
0.00873715063592164
0.015827728659570436
0.03501205400613545
0.04239674212865491
0.031309146430813006
0.019468204478599985
0.027262861363343424
0.052881861478359285
0.019761666555079015
0.029731957171732232
0.01652860684220182
0.009992198626635904
0.20154594346777288
0.014810777526448583
0.0395722858390122
0.05828586602977188
0.029359038442631085
0.03696853426658513
0.02138289200999003
0.03541193192560192
0.02150435619899883
0.20055890837213408
0.02286920426710199
0.035791021016640626
-0.005473544520828891
0.06256257216004431
0.022663823094242475
0.19947801310112573
0.012579603314427597
0.01959432846982838
0.018751015406983332
0.035264831704266135
0.05155920885188182
0.030275875193795286
0.023859856935334996
0.025513927745398467
0.01373363559251994
0.003512049459024509
0.026169275101165575
0.028281995105986182
0.022024547960561185
0.020637186586307872
0.06670059917373583
0.020951078582139383
0.02276348230560024
0.037686380352724
0.05712789167951582
0.16296644150557438
0.19989542023852203
0.039347283270890626
0.037024221942481915
0.02345290417449889
0.03745801241629849
0.01211431522583066
0.033425534677862204
0.022369752267213442
0.01697434434621025
0.0346035490783144
0.021099797672346245
0.010013551207293983
0.0361939508661386
0.030773429762113023
0.030672186113846707
0.01646865614767188
0.05849932132891113
0.015427443003613678
0.036665652176434714
0.20125267314214257
0.004001305447870546
0.03650982435315384
0.061113778948043436
0.024785516816767633
0.08202284905952388
0.030128326416897826
0.02502580527737782
0.0056064692691871545
0.028045437545866716
0.042453740625064275
0.026467831549926404
0.06639855253830838
0.028891244663816804
0.03914755030416986
0.013545297844200999
0.02285281435653694
0.013638047214207881
0.20426546664932665
0.060442565658913094
0.021262326077705156
0.018537667042521917
0.06031328814514338
0.01354579156640481
0.07731748307785752
0.012069504095610875
0.038960414677760666
0.021119940094650565
0.05223347009887151
0.025173453303252692
0.009389185225406806
0.019446437560339813
0.00894858867698365
0.021507944114158836
0.03665191948731417
0.0195193104830674
0.008498876057623186
0.024378204040931883
0.13726170930933976
0.02254577588385292
0.019180204571687877
0.03102608726768283
0.011300020964238499
0.018849843271775017
0.0263389465373383
0.00939746663009719
0.015205071718741577
0.005448722898065576
0.0244952246307439
0.02369837347972148
0.1939896163581522
0.051449492300816954
0.20095329159944836
0.017137666633146097
0.03354390638259667
0.014198156981937764
0.027762180894612735
0.01724847566405762
0.16891873863379836
0.03423746191643161
0.06833266737709492
0.014053856468476612
0.010813989441861429
0.12138959971371933
0.08016719616676031
0.035864785554236694
0.043015229735472095
0.019113959440736166
0.02036689349899202
0.014464455167291411
0.02136034210853524
0.014809908067342913
0.03255940031028977
0.015076789789639342
0.09861214919459864
0.01343943662772161
0.008947529040844227
0.19831430390327764
0.008657642605787576
0.1513609849965084
0.009160380731061839
0.01593455056788811
0.03431268048651416
0.04963004922182411
0.011973046923312872
0.04972443729886409
0.022852126947754636
0.012551151991579423
0.015749664217647886
0.07435695314137669
0.07141120970985515
0.030098454083167466
0.03525676525800954
0.0330635597527673
0.08309405921087581
0.015116424081188549
0.019204007010813873
0.028898750394133914
0.027821549106517997
0.019209332471240084
0.03779024402049333
0.0306193278794333
0.018698474841725876
0.010657591532279288
0.009620956867296176
0.028504377189328214
0.0348458476589642
0.02499135195850869
0.02359063148875196
0.024289599135789167
0.03915517742975834
0.09925091062463416
0.04082641779834482
0.2017009292702432
0.04801992271539243
0.021077742211330575
0.015304400995637547
0.19977779289670722
0.1982168903529311
0.032374653956973275
0.0466477731552804
0.03376285547207272
0.11647919565520302
0.014882137833003451
0.05720459314043468
0.06806483716775633
0.007392679703389648
0.01621841932810891
0.03215950019096571
0.030625789770824016
0.041835108968974105
0.03634385113962204
0.028817769054828565
0.06390409214782507
0.02609445667665323
0.017334548504173916
0.029760201435571176
0.013031724445636689
0.008641950185297433
0.03669891339940704
0.04968728500002891
0.02741854618095491
0.04086947294184467
0.02520748123023265
0.0369438915657746
0.02024385870435492
0.044277648102496917
0.20637621208584006
0.057674496053479934
0.03753033152887413
0.001917841155785114
0.027946831887737403
0.0392569074538328
0.035661844292203385
0.03438221902177837
0.043271588786355605
0.06327229787395931
0.05368621785724983
0.032730825713228925
0.10844493047579633
0.027735935500951405
0.02618618643621138
0.024731424735942385
0.018811133787641276
0.037297905744324795
0.02594208649738321
0.02689132248438262
0.022347503422119587
0.02948129198822133
0.013925925139453538
0.03895559337374058
0.015404946113827445
0.03489267978694655
0.039901615150330694
0.01987548549661517
0.07104061323619529
0.011237724428884134
0.040377069032212415
0.03639778819883049
0.040375674910635345
0.04398794999034472
0.027792673636094646
0.08090629922239702
0.03144945699805739
0.03372639025839446
0.0812790283430614
0.025760509494371576
0.016221925748652506
0.019266451805016897
0.005780996635506526
0.007935372420467605
0.02002418221596687
0.19947801310112573
0.022383192117543926
0.018830799779345722
0.024811724581110008
0.02339199197281716
0.03234387362687459
0.02076539716663247
0.015402429463743773
-0.014343400267298745
-0.008441555072813689
0.11201933147683306
0.19840243168157312
0.19879798614877014
0.044083955591309405
0.012154212051158887
0.037454204585964414
0.018044359024514886
0.008814181800247203
0.03364113228708302
0.02750814475230843
0.09450580723414123
0.04603518480406371
0.06099567334784873
0.029685878407061137
0.022430313165702966
0.024052204781515946
0.023169478492397786
0.016777982460225938
0.022679878037622486
0.040741966163748436
0.014911523883676087
0.06440820198679793
0.0755016664928213
0.02475022637200617
-0.0021135321962082593
0.2024165146214545
0.022682173053719556
0.010031458068283542
0.01570752161541047
0.027693305191007003
0.022165441956817356
0.022931012495358637
0.03904878747643357
0.02979007132406764
0.05996698990590209
0.1991361426638712
0.031203044222007256
0.022113725796770525
0.024151383811827666
0.017075114849339098
0.03344730680927763
0.029385971550839062
0.07254642939919764
0.019751742780402537
0.018179036760639214
0.0277619709946013
0.05767551164939665
0.014639469662607256
0.0344955886662751
0.019607735101008657
0.041516087499456344
0.017022438936826326
0.021871462334143603
0.018090571485998175
0.19840243168157312
0.06061065550399109
0.009218918523058572
0.04521871419774957
0.07021469841668627
0.05062459212116599
0.10844183035202554
0.01668518265913568
0.1833563241817187
0.02358618247750465
0.19947801310112573
0.019513244956942656
0.034544429793082844
0.03349217434253822
0.025507783548836774
0.08736674579605294
0.009822338826927911
0.053833197651869585
0.013722287804370466
0.029943791058229304
0.018707927745033215
0.027726617062930493
0.017244104114734583
0.02692157260018225
0.19942842338112476
0.019828741849164836
0.022469030280379308
0.0049517015896671165
0.030735563785915812
0.02357336147949037
0.061542807992515554
0.02640484832904307
0.011422465164683485
0.02394963506253355
0.04101611868395887
-0.01905546006541
0.03327532459086326
0.019867467007032284
0.0392554919997282
0.017661034473850003
0.017796098450180493
0.026763666750031806
0.15713537535915112
0.014499137133794304
0.050341119028631504
0.02966875010011907
0.022354529084492245
0.058144100843574416
0.014108550146449204
0.006845619086486631
0.021214468087319017
0.05412086163095489
0.20125267314214257
0.04521185341740014
0.2009796873810395
0.02955775930915403
0.02382602055078338
0.011126581409345818
0.030985183476339294
0.04070063561911563
0.08686963379228947
0.07611418822295041
0.028901962063751157
0.03440584514322477
0.0763919651062937
0.046845526368991953
-0.016623484484689102
0.01393038549804795
0.013628701265272342
0.015186460625022023
0.012232332058910871
0.01750956102684434
0.017881329615795093
0.030501634848548072
0.05223939927662792
0.04474465954278739
0.011828477695857733
0.01961186525479467
0.015000489389168828
0.04441761436458319
0.025554387184106353
0.053455000767044916
0.019859490026862645
0.027450970658545685
0.003965177723870575
0.02368985466807407
0.029875113858962913
0.045779437329030157
0.05460604280030415
0.017188171792894197
0.191777237031252
0.01608494777601322
0.020429465344406927
0.028589813124441865
0.016871710561502034
0.005523798939296297
0.03002019472829809
0.00952652459805214
0.012817431310876357
0.035164347129370534
0.03803981156881802
0.02033037120203552
0.02282766975679166
0.01741572172000453
0.011299855620489754
0.2068449424349345
0.03806777143840774
0.019964175546977467
0.09788905230645834
0.021918478557818963
0.022373791220421272
0.09769346348215607
0.0341023626378197
0.004492666489784556
0.026658529075921193
0.0235274388510296
0.03024268529473091
0.01934625812152578
0.02938423443350404
0.08472071645236329
0.00973951937851867
0.0153234543139382
0.12974616993834454
0.00755057068057223
0.08569784024050722
0.026540145680866045
0.10821305084853902
0.02617451138345897
0.2019795051608978
0.06471704911486616
0.09079084523093926
0.04345913729107534
0.011202156165479735
0.02283393954650849
0.019476663582840073
0.05646984906176078
0.02467140990165551
0.026530043547115675
0.030413366562915097
0.07450009446736887
0.013648229543726555
0.03425732912702209
0.021310616685664696
0.04331637793815425
0.01129478433830904
0.021440507518243047
0.2016133200449075
0.000568855408156925
0.060135945760338906
0.03832634139620291
0.039137879613640084
0.020461763749426633
0.038141869660400715
0.016159222618451104
0.03216856973843542
0.0356439120765584
0.04756906013883325
0.03130413054921051
0.05064747063406504
0.19756519410882822
0.012667394791262717
0.02313598288716577
0.03578192721107193
0.010275284101629662
0.04112642528970555
0.060228975278692067
0.19947801310112573
0.01228843060703903
0.03262870398533808
0.02516753479945235
0.015206238180409327
0.0316883302258811
0.07868968645656804
0.05796108955167703
0.02875706337221187
0.02759456001642349
0.027058490584872436
0.0782826586252856
0.03640968924202159
0.03916804243684841
0.021018966304780888
0.08386597938831974
0.03242035237452025
0.028800142295789137
0.010180564971019782
0.04443745497226444
0.03424516475006295
0.055785115990859516
0.006828708600447056
0.012324421580199852
0.04080624919724477
0.02515090509703468
0.02902559489601211
0.033046964239796334
0.016979651035783572
0.015865431264706194
0.029448546915156366
0.0018188535993354168
0.023095567572122718
0.017552633993089567
0.001283136335942188
0.20125267314214257
0.03266041021092068
0.04231005649881296
0.015141663324739622
0.05367764322161581
0.03355514547533149
0.05137002711450151
0.03253342055812747
0.018908770995610804
0.03600797085646034
0.012340029821425867
0.030622643487744277
0.04195338567809388
0.011775416493100887
0.02851521220505604
0.03690378500929108
0.020786881162311463
0.019410703555547297
0.021479183870970506
0.20580180761916356
0.0291394514562741
0.029142641182287505
0.012585252584531265
0.027374467656667782
0.02986451026652985
0.04004427400873547
0.02256901185249934
0.026951867235494874
0.03989806797026181
0.014202889204687739
0.2002634446555796
0.03302410735792632
0.013276590734212355
0.01264490313099148
0.012541996936009697
0.20586643996249
0.03225048525944349
0.03323714479195446
0.011518643621520004
0.01829270636187595
0.19575910751526893
0.10983801962347062
0.03886709536908334
-0.0095561417986543
0.20017313639016754
0.03566252643102381
0.049712279792421335
0.025952286251350563
0.017176960642122686
0.025433934306733706
0.011158202446855836
0.05497725913191717
0.009916047088636054
0.014418974920382
0.02880586451677198
0.01127120596987436
0.028551962189890718
0.02270632106791682
0.016413681492520968
0.05156063876884004
0.04386404782064182
0.07496715923367168
0.015073333668879262
0.0331144877772931
0.19529594596739952
0.0038930811772690185
0.11462793411997814
0.038271726417526346
0.02629873485915438
0.11395753986146233
0.0304635875993394
0.027345709670011806
0.02316370803326376
0.01620226191604871
0.044657825970851175
0.04348048067807553
0.07708531544045882
0.06676079208806364
0.05065109295693661
0.015273172190872075
0.043802183800412
0.03943021631587401
0.020927313970636508
0.004011877060250545
0.02228116711171677
0.19832918151628193
0.031743780722400625
0.01854416621088658
0.01902085015219234
-0.013308672234037658
0.020235668542769335
0.018319354495457296
0.036392145937416145
0.013842319736294344
0.022870898050328867
0.07151708627811129
0.04807574117650721
0.013574905140582787
0.030137030671976893
0.02027540963550009
0.02408520585988985
0.09291183857524545
0.09264306001933079
0.030854650305118966
0.0843835587008489
0.029251558018210708
0.09865102898125486
0.005212200040784584
0.015528702234512816
0.04300223379323451
0.018537602734019304
0.04164489815750687
0.03145999160326898
0.017553730717975096
0.015919909550234392
0.02407534743889904
0.033316317307644866
0.04181649957539331
0.05360154950366526
0.019588694943564185
0.025514719379527328
0.10275359488265169
0.02329892847984904
0.20125267314214257
0.04102613036941537
0.022330862131397018
0.08860974293427878
0.015313585077842863
0.038231524004781685
0.030022523386987895
0.06372316032378157
0.023311456314403515
0.05203247267751615
0.01953529742819656
0.03774175853971978
0.07760978900132434
0.026561469486798765
0.02055879952836915
0.03883882243608001
0.033075670352859035
0.20017313639016754
0.02586014013013708
0.05489101559020225
6.150475092837199e-05
0.08337774640016249
0.010977058586181962
0.02793344295240798
0.03147802986214765
0.024422163219557903
0.06554032347621577
0.21358604211827759
0.20087759389576082
0.20426011661968319
0.03497375033643281
0.03355026663649417
0.12495695993547293
0.022583972428849325
0.013689314228700449
0.03473913346346546
0.020739373901762476
0.019186776901376077
0.008917313313104119
0.04096988211210911
0.03701418591908884
0.02965322550612928
0.024202612423037166
0.02099736610922654
0.009831913793586694
0.06334207265311617
0.034683314700887036
0.0356810100757964
0.10800193396201706
0.03056260375714559
0.011954206366834096
0.014108407914816889
0.031262155464666805
-0.05338317951274969
0.028111135061517408
0.041952582471178425
0.042241949626719774
0.025434521286957883
0.06639301496602909
0.004032807472109448
0.026197926560516675
0.03908197186963166
0.03415583118829838
-0.007376842050215458
0.19712621057373736
0.019990532958503802
0.03423495646648892
0.1959971064087519
0.06333016374120204
0.0246999735037988
0.03187969618683192
0.052266171731742084
0.046413438237042554
0.19947801310112573
0.023663509453580256
0.03859355087940897
0.06381592666835112
0.030578640801255167
0.19832918151628193
0.19915655115518655
0.02926634709500319
0.013648079267441677
0.011311735765387007
0.013162056342205825
0.01605693661015457
0.014791534202408665
0.026262991891998357
0.12118286677399315
0.19640021358825005
0.08402356493624258
0.03346463857775957
0.01471588010153814
0.026516133821034224
0.02040839549996719
0.02381536772518606
0.005688721500184343
0.030874456586460892
0.030146593046502086
0.19741549306813494
0.045611232459631876
0.0621212119316171
0.20545903129764537
0.19840243168157312
0.012524610043045649
0.023079162700734894
0.0161483167314673
0.016563369570173035
0.04348213285962872
0.03914251537612122
0.012566885814086548
0.03912517938023148
0.012896057687021213
0.03349701928903423
0.02238569060038945
0.012717513469468825
0.10463624413924905
0.024069562168939018
0.03721516669972688
0.03846402414369499
0.04547073536333017
0.07582511180394469
0.011480734602970336
0.026561013527866974
0.03178343073708056
0.06606356326920232
0.051348031071575095
0.018621959275172635
0.01526076540900425
0.02757206576562172
0.03129642569684351
0.12384381272100822
0.037031674563019354
0.03525384741421167
0.002776534534237922
0.19840243168157312
0.02022477532713202
0.02946425619048515
0.009549976555331526
0.027809208923846654
0.04165071747709795
0.029814211115768346
0.04358133940359099
0.030002825735916817
0.1964887641369349
0.021273560246920616
0.02748644881032455
0.01981418139846156
0.03508558139071788
0.029950535896023273
0.03970566075184019
0.09480537487569779
0.1964887641369349
0.031678732251111424
0.024912696998208753
0.030327146615400476
0.04594629171851225
0.02739105507190716
0.004435796594076488
0.01197091274121061
0.009851961086708834
0.028384558528888396
0.20241539526738322
0.018353518684586914
0.20125267314214257
0.006713603724955074
0.030152430919972925
0.020768595717210632
0.022040354223581984
0.033568044322137856
0.05213889617913823
0.027842530634971302
0.01071287875864214
0.013123434212843649
0.02935584209415339
0.029331742262743057
0.028018402686027007
0.20125267314214257
0.04398926945302985
0.04437756822410008
0.0411590523336033
0.029761675489115916
0.016639496849493222
0.021843110343788302
0.19832918151628193
0.03452009357021174
0.030738341536431426
0.01963129923819397
0.031778005562830676
0.02226224555394169
0.021648560557045456
0.012014659798035721
0.07142251044778794
0.00674692016129259
0.033503507722752436
0.20506553934808142
0.045389265128532155
0.19356027504792173
0.016058117997036724
0.021415061479175677
0.021049820932493565
0.037699828157071305
0.01550398074485422
0.032946112850457496
0.012587976979609169
0.0939769891556491
0.046524204149678075
0.030961447517938757
0.023610848163391436
0.058042122890639286
0.04466228513876872
0.010157837468413235
0.015624210494602126
0.029722992866420862
0.015921100469902638
0.042373607872070555
0.01615643587108668
0.017880126096948487
0.01469127495292535
0.012258744329692473
0.02468648919187279
0.03914236174485569
0.028193282551150556
0.19810609614277286
0.050896153697313776
0.11368884143150122
0.02603289002275104
0.06808097821225541
0.19820910600043296
0.06095163928171204
0.033062305982743484
0.03413106528954576
0.03378479936106669
0.013608939419091488
0.0210396809688013
0.027757836381131634
0.20473413038122668
0.035364183342887795
0.07566363707411199
0.023642520197326936
0.02554004018965835
0.06273212173602413
0.04625502774277901
0.03638531073657174
0.046973230992052556
0.050118062294994756
0.013503658838019933
0.028414433907875597
0.012931344970134234
0.02785815660565376
0.028653236738858598
0.024614019239404327
0.03147248828727017
0.01922261744760911
0.020713588553630917
0.016706676695083727
0.02139070586087471
0.02304349251643724
0.04694879396766498
0.005907195768612303
0.035130475564935426
0.014197091584070148
0.06932110080513944
0.024759491980882956
0.20473413038122668
0.014100510779683807
0.02848943442408123
0.03306552502159849
0.032441097829736046
0.02884961045896269
0.09156812457068289
0.02867852749801183
0.03217743566166652
0.03235053280738929
0.008083351823159866
0.03855946254409699
0.031365114032443644
0.02678522221823893
0.037718918101831235
0.05056773637919315
0.04125478518763423
0.009364458186894114
0.055008140289964064
0.005851210801689627
0.028828395789031694
0.19663328261575702
0.009612940797373078
0.030911965240262372
0.020386094052528416
0.03773011510380491
0.19947801310112573
0.03775932234597271
0.03940223301099141
0.05822649397133464
0.04638154617369991
0.06611808284352488
0.0236603157263
0.0033288016990676954
0.033380143176395635
0.021069424649927497
0.045704837122316176
0.01885902452764701
0.019322618308634507
0.0004982390133505578
0.03949818339025676
0.030545964629431578
0.030040216393736247
0.0382076602114218
0.022533181334651094
0.04223521407350818
0.2004620687367496
0.04482632043728453
0.017011192994613504
0.025536190421701434
0.036053296464027565
0.02555509833091173
0.0526435626254969
0.026994353300193424
0.02533519824578157
0.04715793192658813
0.039147778435714084
0.2016133200449075
0.007166543197443004
0.026964894241486945
0.008999366804712413
0.01645468905281834
0.07681353739646209
0.023986730349106894
0.014956065500235018
0.02959475102745752
0.03402496905299392
0.011345452481342812
0.2010161267545424
0.11157777800965726
0.04381132810244774
-0.008019355901503045
0.03428825576650664
0.01254675310835597
0.028088969961290407
0.010499910949666288
0.05366483990330611
0.013574834831658868
0.0048427797530508875
0.04424670541946475
0.07962597199353182
0.029938080555417253
0.11469716301861393
0.028012445882088306
0.019950943332161693
0.033157741831436265
0.025286303117179706
0.02757110840084597
0.03113538699935358
0.028627281455766044
0.06980036103701928
0.019026213403341506
0.19977779289670722
0.06000449872387937
0.02942637277168244
0.015566422104059988
0.043808846370705076
0.031229597473799973
0.03872321454339604
0.20125267314214257
0.03850571546034561
0.01674660067554458
0.025172547735945565
0.014055792930402024
0.024193511642564086
0.012804017157020616
0.0259049423171359
0.014614968979286918
0.08352498692862147
0.041599836615544866
0.034904409949757326
0.012328268029187447
0.01817735399467253
0.015734511619942337
0.013698210152288823
0.00943085090166404
0.027170543374834592
0.030411024888627874
0.02944103063165874
-0.0157804348759171
0.04119650864626199
0.036597198917120106
0.04456596576747593
0.030882101883165373
0.03441117619499535
0.008435691987407755
0.19476542856535617
0.06048246647754598
0.03248041466369263
0.01653458091736416
0.03266742064563856
0.026905277907126317
0.20116014643097063
0.11199359233183015
0.02873276179270722
0.03183472775042427
0.019240408389294607
0.06002565370963593
0.02992996581560603
0.015592932072074382
0.015560587244657809
-0.0024284145184856193
0.04518850722360773
0.023272941585625085
0.03465196102847486
0.015236297347723091
0.04243866825303823
0.025170243320779398
0.010349647845725299
0.026269538408973753
0.011790359557765997
0.0713674090356096
0.02722958759217217
0.013424087745166284
0.019028551639718453
0.04344551998439634
0.04522505621333643
0.0376384729798048
0.020853334066122994
0.20650219430962558
0.027004130541140217
0.007878961606487461
0.02026490680954216
0.03225791190460577
0.01991443273778002
0.038476089395337934
0.021719918484717472
0.028906990698783795
0.007388501029241341
0.02932950443633793
-0.04379759193131774
0.03728772216549462
0.038460530931498316
0.04195050571015606
0.20154594346777288
0.026788967154132284
0.02133184712655061
0.2004620687367496
0.022521557018395616
0.035211293163520466
0.07372246225082985
0.014192262479652808
0.031442432267358454
0.04771495496067206
0.05089148538302565
0.2210697279483927
0.008563153941562443
0.014808797936142225
0.019317945819169874
0.021834868862714258
0.03541757353942897
0.03218116455981995
0.010643605640337332
0.008044633099942331
0.05349418107652424
0.04291129391525258
0.02049456247904861
0.014119408447104013
0.03209808263743269
0.014644023836195851
0.01858388881225116
0.04086010321941684
0.03186827718366607
0.054467685540652094
0.20120197248046662
0.04499697062287658
0.039264605850675274
0.1642341650027736
0.014087848614184658
0.035097445212461054
0.02621071272948384
0.03146726761443933
0.019961556741526016
0.020585391055103017
0.048417022467955435
0.013685663168854806
0.02836551553675326
0.027429321844763602
0.04204961724461771
0.06582859115840586
0.035631469525186296
0.024966704265318974
0.057752944727163066
0.010403129409314201
0.02459503853146741
0.203245941786664
0.06508840534542665
0.030664551427866817
0.019743446636286126
0.029582751754268402
0.07986154333038802
0.20088101563355648
0.010368665586654623
0.0845832618534938
0.029430944550712594
0.0194908214211127
0.008934298427584284
0.014170760031934303
0.01635596151818762
0.05737276206623552
0.016957046490370786
0.016576417789729268
0.01402768324191096
0.03569143820778164
0.058147607552127376
0.03050768787308613
0.012881055969582198
0.04541308240035559
0.19840243168157312
0.04278454156327031
0.01600613625564851
0.040892667196690616
0.016546982127040196
0.009735545315017916
0.07129576110609581
0.010968760258280759
0.007494632464752054
0.014008883187249004
0.0246555149048011
0.03200977803763067
0.03207034917185934
0.01877808485720018
0.03167283961199151
0.014078165456862083
0.07216201488405288
0.1304348188860276
0.0384546415605353
0.013757413673322803
0.005443543311070519
0.03902959350123254
0.037977705834538494
0.023651303118387337
0.07870580206409244
0.03896120599297689
0.017512984841824696
0.05091713084221888
0.017395208934658186
0.026574576360912316
0.003016327368181554
0.022072426993305652
0.017880322619967803
0.043478005186786774
0.025960785554325114
0.043462404573634664
0.04636965850171329
0.07550502599843162
0.02616655027915988
0.028573812289592215
0.051884150576613955
0.016872868509151692
0.01748085507570478
0.00434536462475342
0.03836613812216468
0.01247284972964317
0.21083895871824093
0.0186169194403527
0.04226574925887754
0.09727749950673793
0.02818179931923792
0.022718416136169022
0.03710082530560621
0.04393339329221695
0.02299499207269304
0.048239016708365105
0.208270374464958
0.0381859400681112
0.19832918151628193
0.03418542710602119
0.011386316983298228
0.015045110024068583
0.015475742163913273
0.21083895871824093
0.006740998683026508
0.0113143569857748
0.02698100838920801
0.018368453112678245
0.1558246183850161
0.01428311582555964
0.014483969045438617
0.07063329661875006
0.013850644213629339
0.028640750899104887
0.015392682870892998
0.19840243168157312
0.05762670039714348
0.028214676792767422
0.03462108059572226
0.06318993440069368
-0.0011128730409185675
0.0028037311354126085
0.048637359852669856
0.03085930027763415
0.03709308832385945
0.03564035824133075
0.06604090383860883
0.03675873101065645
0.11114503626441975
0.025792813159594977
0.03120370869180817
0.09857680429591073
0.012874041675238174
0.028943785772379653
0.03363306834498457
0.02489967401004493
0.03098740988058355
0.03897748876521623
0.03181210955205915
0.013406699876983355
0.02119278162137301
0.036880185905870534
0.035026247456946685
0.022351509636540298
0.03279557158016972
0.029130309063860913
0.032434876867729244
0.008152678030216118
0.01578265480506302
0.014619859252648044
0.04309149646510897
0.017081753171338022
0.014738176572159797
0.20248445328980752
0.03485192375414884
0.01526410697644748
0.015512776350121412
0.07703133718345463
-0.0020736969229422017
0.030082078291378045
0.01676308139942573
0.19741549306813494
0.030528501566310103
0.028363978570108424
0.03038795173960413
0.029325234111595738
0.03742643759189289
0.09322814443745113
0.07763263147784419
0.03207360406980139
0.018774921133628195
0.016564089477404106
0.008616499546964806
0.05381748384744954
0.029318902905476577
0.06877153920496681
0.025603180882671155
0.08406337504805611
0.018673045457816183
0.016886613210924474
0.022901034997569486
0.031129864850914173
0.03335610876808411
0.05705901812204638
0.035486233469155845
0.02584470798264607
0.13300681268662568
0.012410047876953142
0.20017313639016754
0.016418119658261343
0.07561880083838435
0.029901209404580097
0.021215987699279026
0.03734154079416045
0.03914755030416986
0.019349702653319208
0.027110282394425783
0.05894868738328803
0.026858373541876854
0.060865850567551096
0.03119150186978196
0.021169069219257347
0.017219584820402187
0.012069581595199705
0.01437403382644737
0.030896615044607147
0.036340586329949784
0.035741264143678966
0.027772949213821105
0.0022544326446978444
-0.00020817028376510227
0.04850971526119993
0.028937095542715296
0.02777950674412107
0.034312434759423194
0.021704071444542235
0.005222366899940736
0.04175115082077868
0.031160019330981628
0.034612433016184524
0.08942522461786964
0.19947801310112573
0.04267126624675535
0.02350489202299487
0.029977334234553028
0.04703430543338971
0.03540038339457256
0.020813307656481532
0.06501884152647712
0.14209935408221036
0.03271720505880287
0.013644386722038097
0.05268086471306453
0.02351618453206529
0.02213960857123603
0.043228952690183606
0.01997171725927406
0.033146850024135824
0.026292889612956366
0.017395819964093888
0.15625427467359043
0.02557911709654075
0.030281812836397668
0.060327823265117694
0.013995819478843107
0.035244172137603086
0.02629787527731694
0.03697223815577478
0.01190228773954266
-0.012586655195158503
0.03787747904934906
0.020367955130522027
0.016678804670263635
0.009565779694139527
0.02593256414988429
0.018482534401884475
0.08722513438896505
0.0188680057360915
0.01814807201254512
0.19633997180065127
0.026086411872219883
0.07600350228470733
0.03078161583685543
0.024080726542301253
0.011167509245989651
0.07229141426808607
0.038084403752255566
0.04689090439249776
0.022506063205251607
0.02954977782136904
0.020234399338694333
0.04863294698592605
0.039199020465546706
0.011576620820561493
0.013360076347751583
0.0229781701688982
0.022567934402310703
0.008478416475271654
0.04051822555515916
0.03478359691655918
0.029328794479129727
0.004655975385366648
0.02644570645015766
0.12545627938977422
0.20017313639016754
0.13787375518149075
0.024583767507640936
0.01727850778913635
0.029792266244855967
0.02739598822014385
0.013389000028646642
0.012068120981028573
0.012345566044970752
0.01868808585438613
0.04242811452239367
0.007981756277410375
0.1463271940611084
0.08562343377781027
0.02043817396105357
0.10636981045818905
0.11676175815508022
0.027548905194444178
0.05103860398723997
0.018397432685774137
0.021451720516926162
0.031876635411782775
0.0167106447288571
0.033364146555489374
0.018859760236674038
0.03728942658732929
0.04243205255796573
0.03930357158241926
0.011904933518566096
0.06511769367225897
0.06502971647294499
0.050233117607691766
0.034342650839740606
0.06302007261652129
0.03313742679694984
0.017417782161835475
0.018043087337491135
0.03165439323967883
0.05011591978622346
0.2016133200449075
0.01614329530067623
0.04138144428838996
0.011882944657753008
0.02644989792782098
0.010715889084590993
0.009564621050764922
0.02171223352439742
0.030783510897196713
0.03677275754786299
0.042728239367758686
0.03619022052240409
0.030746975864893274
0.037538027833017136
0.029291184280271325
0.00400878860338293
0.026543702719444433
0.05544249684051467
0.10537284568939682
0.013188019152115184
0.0011545781478435602
0.07383870719586827
0.12936248376377563
0.035719736591359894
0.025637125545351778
0.02450873998708014
0.018973389942986765
0.01997233374119385
0.03371173172925239
0.00944198333926382
0.025389401621766165
0.07247433933515363
0.030413053132355466
0.023498428078285616
0.01635393142867251
0.20140796100148872
0.021179162554576463
0.020744126862953467
0.015351279837343062
0.02714468329488745
0.030925828352127
-0.007075420943018898
0.03573402221648683
0.014826829545184167
0.06124482765027244
0.027013742000523287
0.031953797645117576
0.01885240670287428
0.20017313639016754
0.024440214404636857
0.03068621143627893
0.00786176637413736
0.038120553494214324
0.038112760396173596
0.02109317502603508
0.04803106767627232
0.02918554293144117
0.021889854028401514
0.015758578825178407
0.19874532716303872
0.016345129108442394
0.07743669596918064
0.03578996417620333
0.02399223823154998
0.007997626505993637
0.032549339042560646
0.01676725694279666
0.06682051589422547
0.08258283039052253
0.03272033512737099
0.018830429509839073
0.06013112100135021
0.01681878285951678
0.016386377322203008
0.0642313630140643
0.014880360296595622
0.017498246579762906
0.017149112595283372
0.03994341094953114
0.03195266891256985
0.19756519410882822
0.02432534124099414
0.04473988662629862
0.05064636033345947
0.04498047419375188
0.06981312242046031
0.024760921731116513
0.028490679448747787
0.034575164579690475
0.03440481594340175
0.028821588710119132
0.021180010208656525
0.03754043553951683
0.002130746027577776
0.058487967231204835
0.011574804170565927
0.040727736780707374
0.057637420456959396
0.10297601270106108
0.023277208177731823
0.08675164519499398
0.01826160589815004
0.0255552606929572
0.014051668774151503
0.018844021524897933
0.015293608882544392
0.023387550073124357
0.03775956208785442
0.010771002664876739
0.07942120382965609
0.022145198020632043
0.021451115764586845
0.01828843394739701
0.20162297910322857
0.038551916570546504
0.016188601630908163
0.02126366099660163
0.02671934150527813
0.054555238157964085
0.020963509222761002
0.0125731990461872
0.010162883237630253
-0.016043065132093498
0.028756278961034696
0.024114720429700406
-0.010270589685212016
0.023198638653228368
0.033027089367346774
0.02027013018990219
0.018325414948740154
0.20154594346777288
0.029485579196843338
0.015800460460612734
0.014955530268803112
0.02214082035043472
0.02752678614319772
0.04919573752565011
0.026450734719798433
0.05916543554229827
0.03792824283656159
0.013336035805072921
0.0037774858191452
0.05299581868531372
0.03541610201307155
0.03879865133646302
0.12399111007846976
0.09175953407664506
0.19476542856535617
0.014658658443598985
0.03317201279275191
0.03203663978135921
0.02834506479644819
0.07900289804648455
0.09591429906260228
0.05047654292523643
0.0060704854155010715
0.03731967412253213
0.017945899165722194
0.014271227345039515
0.01791952946434694
0.05946112271481188
0.029639275414773493
0.06898690175625613
0.027919070612843877
0.014946475388251418
0.03279502922467444
0.04019171994098596
0.024083074192175057
0.031588081130763224
0.028196225426641464
0.03516634395847358
0.199161288441837
0.029729479382285963
0.2016314904127694
0.034149597843798556
0.015279929238631007
0.0880648097154372
0.06414134735054902
0.018815718049405055
0.02381253226111062
0.012528546958966179
0.027610948818340822
0.018540570593833648
0.06724692387806469
0.0052674110904486
0.048150800231863994
0.07052917602325456
0.039299656596029284
0.01835022969967223
0.06246044918358298
0.05850554250007601
0.006684318987648614
0.020762328119894983
0.021418382012038828
0.19476542856535617
0.07622981331798193
0.02272182848903457
0.013918076476293718
0.05350978319186272
0.02075097829501146
0.052201786483520266
0.07962173578594428
0.036319780439402566
0.035877729173995294
0.1371955866587108
0.03695727689851443
0.06680450232466417
0.0235480756285593
0.002646116889424708
0.02838827537255951
0.025353455258081366
0.018245382888501388
0.0031541744573955963
0.02679247269755449
0.04735478726326029
0.050187490960980255
0.020200134364365612
0.007790408129355456
0.006655997109536304
0.03974342868639989
0.032272179537879336
0.02890889838957962
0.03542469257509581
0.021812811195335523
0.033398965674834
0.030380178126532494
0.03200931446407152
0.0571113788494893
0.038566462140834055
0.028772675534362954
0.03228226292894426
0.03675298809858152
0.02244663173853251
0.19832918151628193
0.014880551228375522
0.08913719773072
0.03376720402469996
0.026963346628128826
0.20121983669124555
0.03027496451178209
0.20125267314214257
0.029871228738317268
0.005647388176961726
0.00948172517066035
0.03735226167175627
0.06209625473632096
0.02072036161116778
0.02159369974489517
0.02485540403633382
0.007169147709605722
0.03241860081694745
0.029204117275803465
0.016959734279878756
0.013685486968487086
0.07355515764224109
0.03171418688936374
0.03276539520021782
0.007966133247420924
0.02404798215646855
-0.0016807440863378029
0.02697478436977568
0.20760309434778834
0.20222301947234478
0.02801329837978917
0.09507751921289909
0.008432492140026983
0.030278604473692426
0.02687695908197959
0.02853845301093815
0.016900114600214587
0.03172217235838947
0.011850732045743339
0.04235572202615774
0.034854914100788836
0.010541880361583676
0.19476542856535617
0.06057545036048734
0.010890267560465374
0.033775100991766525
0.01892354563895121
0.12554036048145462
0.04823369859185419
0.03560015089670615
0.04402117543098466
0.03096905252765994
0.016255252048766693
0.028127565240263944
0.022010386596828947
0.02141615213406022
0.029797942629010067
0.015532986752352184
0.026262360977518974
0.016963815224545604
0.01233630335613108
0.03897054553077503
0.03454074209061535
0.17051839596662166
0.031909131214438315
0.029932492993734957
0.022297373736617623
0.031501972376064905
0.010112572803848814
0.023077459684993445
0.021796835312951776
0.016372848107404858
0.03634236997196804
0.01378212404541352
0.02279413209377497
0.033011812041182906
0.038674064653641024
0.039078879195179876
0.05702363035524219
0.14716683611771214
0.039288736004720395
0.01288878500153183
0.04827009171430516
0.021153930263762288
0.04266770927046897
0.018798920482922386
0.01238875245340839
0.033130503075832665
0.032238092218206435
0.028762112407279026
0.009047283641946381
0.03187112712923438
0.023401812449303172
0.016041823948859554
0.0104699142626054
0.018502906436007306
0.024062587272228896
0.026914093001250094
0.029928553213361332
0.025794262507325673
0.015093455303795142
-0.012168463409303248
0.026649695008012696
0.010655955906754853
0.09432479706026882
0.019967199039852328
0.030131909743662706
0.1253814394515378
0.02914006425812173
0.030925828352127
0.2037055685992361
0.02336728886400726
0.027075283542051586
0.004444576476247141
0.04961623566847344
0.02617709425031002
0.028828016915823953
0.04550001508638505
0.028282607901454558
0.006491695189642106
0.03884109656346384
0.028906584245929172
0.025057446095588163
0.0801036322342894
-0.0007995643270284833
0.057850490054857526
0.030657989848805606
0.03172738768463837
0.022527239445541837
0.033288695935541304
0.031306182146145604
0.03621047600687481
0.027751565642085044
0.02729531941206255
0.10285607519593991
0.022145137258620162
0.052438066581142063
0.033375022196639556
0.20125267314214257
0.03897717363063338
0.030153209484209114
0.19741549306813494
0.014116143530105655
0.01743905456212409
0.021035521411141074
0.01218043590176119
0.035530378723888895
0.03189788478341301
0.019474901582177725
0.004972061914941442
0.06227429174232701
0.01742075365969222
0.019530286952156292
0.02313773918948467
0.020725788338679958
0.03332115348319148
0.0334133716368639
0.03246068682615819
0.020670587128992765
0.043486269802607426
0.06967891978690993
0.19947801310112573
0.04202045071719639
0.012425987942211968
0.04821342677922422
0.03182403050567382
0.031560588113310445
0.05501145364228479
0.043368126918477384
0.026406117159405808
0.03535526885404093
0.010387020611585737
0.0385190548437281
0.012306208075786265
0.016233501671626106
0.014507266149183955
0.20154594346777288
0.20473413038122668
0.014549878170784028
0.012683390499292322
0.027270548415123337
0.035507075797609124
0.012502644625469031
0.02407200138660076
0.0054504385571831244
0.013915196807256492
0.03876210535310648
0.007529160342977466
0.033310069380021026
0.020873427899646635
-0.0045283241461713045
0.021623134698724934
0.08692708999366883
0.02237473919315318
0.00511641355819327
0.012889183655814155
0.03145625404773492
0.028047303415199714
0.09781895976051004
0.020584481207115396
0.024405334675678642
0.14003162424930066
0.013543019725739347
0.029056186534719704
0.034830983668025464
0.030071826694746926
0.0202690071537595
0.2016133200449075
0.028959945742862928
0.01839791157349398
0.02191651643849946
0.026197740581267913
0.15121378792582957
0.2048105351854177
0.013442652207827248
0.04426211133823134
0.03593808399596475
0.030941203031698603
0.09822237163760345
0.004944600423767553
0.036905802131710665
0.1964887641369349
0.04248801118610618
0.12366534517482229
0.017562771351177314
0.006718057022597198
0.08426637805563494
0.05666223221395684
0.015989757811450782
0.046272815131309666
0.021591094227003158
0.014209948149570016
0.03486492299818259
0.03857294736972744
0.0505681979862894
0.01264273003579551
0.09621712344796231
0.036759462889266695
0.021147772123707578
0.030303704692162037
0.011504311142797267
0.20359201986976855
0.014325182037854045
0.042689297740836726
0.06655863110086888
0.023969922696901985
0.030328019509865807
0.025486721933856846
0.017197299611442816
0.00595489482891234
0.030520218218803886
0.033105525221441924
0.029953277800625146
0.01850172310803558
0.016984556598179143
0.06837320941811392
0.20154594346777288
0.007733304518157572
0.0116985088402985
0.15714625032920682
0.05353318690635278
0.044546146820005954
0.014730512568030915
0.015004714825217601
0.008860215869517903
0.07394955947807169
0.028993079404547473
0.020192334190019763
0.06274435840053105
0.026210839602192726
0.11187041031359966
0.19482376038214022
0.01754088277044312
0.01832335856007222
0.019208718249239226
0.03796684009854929
0.01685081046115739
0.022190367245594613
0.05018543594041685
0.027030614300038544
0.036421632318831935
0.054174511695004264
0.03960253210281865
0.025869624993173652
0.024768449853997683
0.19476523469828227
0.022074834750180204
0.05935112508898313
0.05592767564196174
0.038416632642698484
0.029971271291809806
0.03420835742374374
0.02947406841761151
0.0330739829779586
0.01754207398579387
0.03870359024671644
0.023768548221668323
0.03142356387127263
0.02421667928775327
0.04560296555905054
0.040030303983794015
0.01326496960169183
0.16835321894801264
-0.02308290089359933
0.03430163084871153
0.021505917020822177
0.20154594346777288
0.023672295888071855
-0.00862694712081108
0.04608590374237743
0.020787108388151954
0.013149555999584998
0.027488574295702103
0.05751709157810414
0.006640877998563603
0.007718646730226087
0.20017313639016754
0.004869622688408917
0.027955276932162595
0.08172005008961947
0.19741549306813494
0.035365072325909436
0.0282216226019091
0.030542789060820547
0.044207913418083236
0.01980320629132454
0.042348627754340305
0.05048686749036594
0.02905401315839048
-0.00037935781083036843
0.038568546103391055
0.023653295745683988
0.02940773142671531
0.035368455298544266
0.03313918213203801
0.01550579976093428
0.029612350382540946
0.030377809777328554
0.029969456354941314
0.022280906407392637
0.1987653695870159
0.2017042085870367
0.06480952833775125
0.016443519820371427
0.0329077714849203
0.04146820627491118
0.13201651912720408
0.03047598652955772
0.06019630943716927
0.027193724485882646
0.03453036698378199
0.12148157556137025
0.20125267314214257
0.007190260412956187
0.052152836081456815
0.01501778646380582
0.04997459675640042
0.025092268322030598
0.09711925028329411
0.01750501740072817
0.024826283214391173
0.0064554684353915065
0.04057703549594335
0.017141140246268456
0.04240980171395243
0.018240079099614014
0.031829497928475094
0.026565535146544528
0.011592800320633041
0.20473413038122668
0.034634382272315474
0.020943619668922817
0.004378579406841748
0.021473353621227556
0.026778448635125712
0.033984665397542954
0.08308775562575788
0.010330406740482079
0.03512390255622615
0.047079086678488646
0.028086401347961306
0.03597926691425111
0.02454838198740849
0.030250326955630867
0.018243869940977285
0.20155461784688022
0.04196405176730684
0.20473413038122668
0.016901525161558476
0.027799150849738743
0.0346257896037403
0.04194038792878492
0.05384105920817368
0.024762278767964895
0.019910666445842856
0.015247266043227233
0.019839435159083728
0.018799902569835585
0.026112101031583956
0.010556226589131856
0.022235229914173073
0.03199400435171177
0.051117713379604884
0.04020375608950677
0.03729702278436188
0.03170106349971391
0.02676152269933539
0.03957848420079111
0.033430042932364006
0.015364206546255022
0.02854222439305551
-0.0005689446856501704
0.01902189068120839
0.023901194410997074
0.2033176081575236
0.04781120334916103
0.019521557317496115
0.03798582568112374
0.04458373688746664
0.004973247207524928
0.005190686241288604
0.2001582373427751
0.014669782961414364
0.02708609420398888
0.0369816157293516
0.03253088981612239
0.024184844352308235
0.019615259976859995
0.005057826814914946
0.02156483816162482
0.05350639179164159
0.05312468146771601
0.023122505286966844
0.032326849433305035
0.036709383161883546
0.014480013156808781
0.035231671266620065
0.014108095211534527
0.018334774555591297
0.08504122482409524
0.02828174851493903
0.02583499596782382
0.009637916717494453
0.03826748124061886
0.014396111842291753
0.018913658711912737
0.03246175794758199
-0.0026429221051006008
0.016723799793744186
0.027980539313119137
0.01597001354556868
0.028088996181962502
0.014827039628799396
0.01887803496149366
0.03332840065673693
0.019437423309018816
0.19775865437742335
0.041696951211661754
0.01338930603292111
0.035476975697741886
0.037568578725415115
0.02164155967584407
0.11017420169193674
0.05626653749455236
0.021271239066992235
0.04978575479374408
0.023256354603652378
0.011733480577491847
0.07300794870058408
0.028208373521833207
0.036343698768242345
0.19682478675852988
0.012370390423824741
0.019771941607536547
0.04679797562138156
0.027821524942580226
0.0374228051052479
0.13567709087344537
0.2037881102859504
0.08828273177788998
0.02274053220205897
0.03821622233999375
0.21491338671328603
0.023042120358994996
0.007582333323139304
0.025937533549934368
0.050621113978291374
0.04129334599988306
0.01931877365625472
0.10238870800761402
0.024387393545935672
0.02717806570755789
0.04206279007823901
0.009106396060765975
0.10062741585209699
0.012006888183459463
-0.013764543136988515
0.2017042085870367
0.02152568080514978
0.1353749032426845
0.020853111020682526
0.021908420703007754
0.05056501633870309
0.10113626684577418
0.0327862585755177
0.04681116842952687
0.012343083516428047
-0.06972436100238187
0.012496322152100874
0.029170694678902955
0.03610142185254826
0.022952575244613305
0.20473413038122668
0.011152327808067988
0.02217989263125004
0.011332384199366264
0.026023940100050068
0.027886405341974257
0.03999550966691326
0.03224689293234195
0.012904788401305791
0.20359201986976855
0.035212980808035886
0.017821946270031128
0.0236068843445265
0.032405806131787104
0.04993526767615711
0.029992582409834875
0.0323247457318925
0.02472538340113798
0.01659338790591993
0.017547309244558162
0.020141201322392777
0.018909081682611528
0.009079684415408011
0.05890190889597206
0.03343258333998534
0.03642385883093619
0.041442252404553445
0.07304448717472986
0.007815820872911296
0.03309682157586406
0.018020576973609738
0.028805909009452547
0.020285366382119766
0.025399158389405055
0.008942024782360461
0.2019795051608978
0.022749255542575453
0.024773874680655263
0.009635952820792174
-0.11511545541953051
0.056164043939019664
0.033519446434547226
0.009348534465833419
0.06788240834890819
0.02110475888165633
0.014674437998199702
0.20539831754390536
0.05490769370184563
0.024578066081285068
0.038186300863038376
0.04463831191056551
0.19873258929933396
0.04695607649142736
0.11114743065282406
0.028772073128757646
0.01241945381545486
0.09320505107334123
0.018870398311399722
0.020199377443683476
0.19714665992166475
0.0469737595476592
0.02271708849517243
0.04332628672480826
0.023470475858809334
0.19977779289670722
0.019768364282723133
0.043317615406411894
0.018917233076915948
0.029171621771846942
0.021486199890498207
0.19682478675852988
0.02264015323584953
0.030315839702385237
0.009204076625854929
0.07583259518087505
0.03603954089660339
0.03939075978463263
0.010456827787998734
0.06168899372597961
0.19947801310112573
0.012762922448248462
0.01143528677267211
0.008424161913425657
0.008528048925448721
0.04050169308833254
0.001819371389186121
0.020501503451030797
0.018065481146344764
0.02613872237085345
0.020906950322790923
0.03774940645157751
0.0199825197075342
0.023345749170770636
0.09486996498345276
0.02591341657189651
0.01685752108127063
0.022759303717455378
0.02822727674537416
0.20162297910322857
0.01940444891298788
0.057892721172921546
0.02980513792979389
0.0059990725625796715
0.03386956044662884
0.04326991029230708
0.013630016661007556
0.0059288695989161075
0.02309315744764006
0.021812827856177858
0.015029795454647658
0.028896760289131816
0.1998162344518185
0.019746882554448526
0.016779155758028713
0.03642823937502573
0.08156450267262799
0.047595269964835235
0.013807324043048217
0.020392889979829867
0.057181670295598744
0.015403696848345775
0.20194381781102466
0.048739925576448705
0.04873790644061865
0.023590427741873282
0.09720682428465496
0.04781577017308484
0.02679113135141402
0.047849388758794305
0.10342569896951408
0.027385882339376427
0.028461372534998343
-0.04163054692560375
0.006556124832683155
0.026140382461015365
0.022243912243796744
0.031123185057737188
0.022816597647533462
0.022695075715990394
0.03708130342618044
0.05843173132322556
0.010929463943833762
0.030128632854220794
0.03881124500207361
0.023938241357690973
0.030878745459848346
0.018407608766269207
0.020348239409490466
0.07397458250237803
0.018163754548566315
0.04411087524376721
0.01110130528139015
0.010731965545570193
0.027020140424732022
0.1418403582712645
0.03578797508745872
0.034818023886138035
0.030128868863150565
0.012335626055134153
0.006510015566228627
0.013401970201053985
0.04021895464904179
0.01977075285241254
0.037393120503174455
0.05626982727819324
0.20140796100148872
0.0375332365396291
0.053244430925645736
0.018473415733004026
0.022063909071573448
0.036846468817963655
0.0019967267723218773
0.043775531595338965
0.05801372335191225
0.04410723795753527
0.038947228868045344
0.04010069596578554
0.018451975694706142
0.022828553302714775
0.011541472893526784
0.0040404347861001215
0.01648953626588743
0.016317480276435325
0.01811134382771948
0.041592955726146644
0.03466938442989292
0.025614812665508996
0.02519700516551453
0.04331017354010759
0.03853584661994127
0.016792641871431337
0.12536380677525
0.027989269824470815
0.01614371456198547
0.2037055685992361
0.03291780057257286
0.039432913418615656
0.01692103773122148
0.012276020484698797
0.022781635064552715
0.09580190683830789
0.05163487088854961
0.20154594346777288
0.11229641201541193
0.2077018269686574
0.012997635808758425
0.057682024202829627
0.017941697221726737
0.04137314601557015
0.03687443410979157
0.15172476975483676
0.02653701640180591
0.07533113464826982
0.02543530378538661
0.07610513618540042
0.03405728480032017
0.00941573646776131
0.19831107837500322
0.0050646773214734625
0.021494592488622982
0.1962910057425704
0.03254481325113454
0.05920607615099216
0.012999717440103534
0.011875861891895201
0.04086011234038617
0.014926907059911348
0.036940948276592486
0.2004620687367496
0.02817331387742244
0.02047457296979985
0.023422307604204377
0.10295911672237763
0.025200173034368792
0.01655868830388576
0.02381353473986074
0.0439510042812907
0.007574157702877997
0.007923398109150416
0.04194821152590399
0.0074951895334466855
0.20235055528715418
0.0726873721836446
0.017627587523439965
0.052887990315348514
0.022993501303853536
0.020970702108176205
0.027489499742671543
0.053153877953886194
0.06207711902332974
0.08370324593703903
0.017557251630665335
0.03854717267480228
0.12000570582597775
0.028148719339232874
0.05276900307006316
0.029525500805093637
0.027637811485887512
0.018066575833184006
0.08579627845787371
0.0035334997453942488
0.03821037782684761
0.10154346470880611
0.009377158995280112
0.02087954697657518
0.03334157546947144
0.03504243942770594
0.004050984289184517
0.029853904698158844
0.03078871240329057
0.023961878080876846
0.20473413038122668
0.05074606261933668
0.033777638910559654
0.013992397322984282
0.14395189500337563
0.0022253047471953967
0.023077503892809277
0.025593088239487718
0.06302366987663813
0.0043594990141285934
0.038724481373328255
0.06148309609022273
0.03848388511147078
0.20125267314214257
0.09495353268622463
0.024247746268189308
0.042615484055644595
0.02263801216928819
0.04611344548663507
0.038405234659168536
0.03495073505953164
0.09462349724895823
0.041692851167392596
0.013676866861696096
0.0410861383922419
0.011936998855289354
0.07987879221483421
0.07764019029000359
0.14118959922177804
0.03597971307617347
0.021465845847690623
0.0137107079823671
0.06357818841471133
0.018270848919472258
0.004276481941307683
0.024602895909735918
0.013364985455364312
0.01641078092865731
0.05375446698510347
0.034492908398426655
0.0043031461576724765
0.012248756933744814
0.035152977657751695
0.037315372890115994
0.02947569429416539
0.020810246993263337
-0.006402880380254883
0.06762579067145709
0.03479212775738487
0.007215469405253368
0.04025931355448659
0.009885002390765299
0.02649764001458239
0.02558239040864753
0.052212433607263506
0.03634888208668956
0.044448333803297685
0.07994716808043897
0.129211872738575
0.03717828957764492
0.03165682484324974
0.028137559510836997
0.03150410414246131
0.023263747034863398
0.023714560232840347
0.09181423433776333
0.012513468064979279
0.04700538807637371
0.020357721763419857
0.03181242810573247
0.19481198915169118
0.037916657503392466
0.03331255154562621
0.027070517527594942
0.20120751354967664
0.0212597735088082
0.12809944373643373
0.014639956201482583
0.0038109650656868756
0.0016860731708682568
0.03810232385143035
0.01630241771215829
0.009503168461033253
0.018203699910366675
0.06798759971848553
0.026168391096631292
0.04876377015193159
0.19476542856535617
0.020236438772068245
0.025336703332576455
0.20322068875842603
0.06322591751975574
0.03342718047683913
0.0001307618076119843
-0.01827469193153721
0.2037881102859504
0.032149541026541835
0.043753579827322794
0.04572871853310208
0.023525678364301507
0.028550045510466252
0.014348324885456544
0.028875133331800366
0.20140796100148872
0.0379972429276132
0.041726733708932866
0.011687076345903439
0.041529607788999834
0.07798675654263393
0.017344917604988346
0.039622913409388665
0.01505784833284305
0.05472717324882656
0.04932226262709549
0.027935904592655235
0.0031796863569125075
0.20125267314214257
0.04803313050357809
0.012845005300291076
0.02273781190449133
0.017863982436245956
0.009303863693895131
0.008388159972405232
0.024824390983681388
0.031005128266971764
0.022312760566549242
-0.0013743293529882433
0.005832247249392707
0.0489368686068256
0.013806496785592984
0.013031301618071582
0.028054992337273515
0.0615067182953761
0.033730572157069635
0.04031145467242566
0.03884790227823083
0.031475176455668025
0.04193496960901004
0.019821061154920553
0.01494709309539749
0.04827047351567432
0.04424821134596972
0.030929718696727976
0.025221016399057276
0.028737329717501474
0.018203762417647828
0.0010291803978780475
0.005685055878384013
0.016999063675101816
0.07564950799595639
0.01931140090980539
0.006599367321107465
0.015979055551331348
0.020664236063655222
0.010679523327826429
0.01881385487744032
0.024649510019590346
0.020962096348937448
0.042977837383725605
0.20473413038122668
0.018331088462787304
0.027898190457830114
0.20140796100148872
0.018985933089241944
0.02880653702954908
0.03371374472000525
0.19840243168157312
0.025832946326283527
0.030141886822061658
0.002357236040148182
0.0395190484146032
0.017923440029053297
0.07623629141226185
0.025619919385855228
0.02279013401206801
0.02956347668052833
0.05079900037856029
0.03649071810676863
0.008736318949798143
0.03803724582736757
0.19575910751526893
0.03199294181741308
0.02811506886689615
0.015324228623954198
0.06688826348474726
0.19879798614877014
0.04242027890717213
0.07033520116698547
0.04768572409223028
0.02996934595876078
0.020075325530545543
0.056002268465634227
0.007737571288850206
0.0287834350004412
0.03420197701863273
0.20479881408462786
0.011107558034410249
0.04097426569622123
0.018138802344945276
0.005113219898793195
0.05625536415156699
0.029791848885909845
0.1251994279638322
0.19914154495859981
0.01911027092997352
0.19719430581919445
0.06873722282136521
0.05159271306316854
0.20207855322292295
0.038913533448630175
0.017391483427503077
0.012530060442437829
0.018395198315830787
0.06380616681276978
0.02543834730851214
0.02348957211731495
0.034506280055525446
0.19832918151628193
0.05236262519196524
0.03619649371441915
0.202734252423436
0.011089660200854279
0.017700947941053043
0.027873335611969842
0.006577537673853832
0.02734479784328307
0.01698874966293336
0.02041188790498641
0.015761905089848267
0.028831159917456745
0.04757323743941001
0.0017954749357827447
0.011881179814752774
